0 0.088542 0.183415 0.072304 0.154412
0 0.366575 0.199551 0.067708 0.127042
0 0.657322 0.212214 0.053002 0.118873
0 0.549786 0.208742 0.059130 0.121732
0 0.486213 0.207516 0.055760 0.125817
0 0.899969 0.221201 0.053002 0.118873
0 0.841452 0.216299 0.053002 0.118873
0 0.782016 0.217525 0.053002 0.118873
0 0.089920 0.435866 0.061581 0.155229
0 0.159620 0.444240 0.059436 0.127859
0 0.295650 0.445466 0.059436 0.127859
0 0.228860 0.447100 0.059436 0.127859
0 0.361520 0.446283 0.059436 0.127859
0 0.484681 0.449142 0.055147 0.124592
0 0.658701 0.447100 0.051471 0.123775
0 0.894301 0.449551 0.051471 0.123775
0 0.780944 0.452410 0.051471 0.123775
0 0.722426 0.451185 0.051471 0.123775
0 0.087010 0.690972 0.059436 0.127859
0 0.157475 0.688930 0.059436 0.127859
0 0.361213 0.688113 0.059436 0.127859
0 0.228554 0.679943 0.053922 0.144199
0 0.299020 0.681168 0.053922 0.144199
0 0.479167 0.680147 0.054534 0.124183
0 0.537377 0.679330 0.054534 0.124183
0 0.660080 0.681168 0.059130 0.116422
0 0.714308 0.670956 0.046262 0.135212
0 0.773591 0.678922 0.052083 0.119281
0 0.900735 0.672794 0.052083 0.119281
0 0.835172 0.675245 0.052083 0.119281
0 0.104779 0.925449 0.063113 0.145833
0 0.181373 0.932190 0.060662 0.126634
0 0.327206 0.930147 0.060662 0.126634
0 0.256127 0.930556 0.060662 0.126634
0 0.389553 0.912786 0.058517 0.137663
0 0.450214 0.910743 0.054841 0.137663
0 0.509038 0.910743 0.054841 0.137663
0 0.576440 0.912377 0.050551 0.117239
0 0.642923 0.910335 0.050551 0.117239
0 0.818321 0.892974 0.056985 0.121732
0 0.881434 0.890114 0.060049 0.125817
