0 0.121017 0.191381 0.062500 0.154003
0 0.187194 0.207721 0.058824 0.129493
0 0.793352 0.235090 0.047488 0.113154
0 0.736520 0.231618 0.051471 0.118464
0 0.679841 0.230596 0.049020 0.118056
0 0.621783 0.227737 0.051164 0.116422
0 0.561734 0.226307 0.051777 0.115196
0 0.501838 0.221609 0.055760 0.111520
0 0.440411 0.219567 0.056066 0.118873
0 0.380668 0.217729 0.056679 0.120915
0 0.314185 0.213440 0.058517 0.129493
0 0.250613 0.212623 0.058824 0.129493
0 0.852175 0.226920 0.048713 0.133578
0 0.903952 0.228554 0.048713 0.133578
0 0.123621 0.438725 0.062194 0.145425
0 0.190257 0.447508 0.058211 0.116422
0 0.376072 0.451593 0.057904 0.116422
0 0.315564 0.452410 0.058211 0.116422
0 0.251225 0.451185 0.058211 0.116422
0 0.436428 0.441585 0.052390 0.139706
0 0.493260 0.455474 0.051471 0.116013
0 0.556985 0.457108 0.051471 0.116013
0 0.614737 0.444853 0.043811 0.133170
0 0.672181 0.456291 0.042892 0.102941
0 0.781556 0.457925 0.042892 0.102941
0 0.725490 0.455882 0.042892 0.102941
0 0.833027 0.444853 0.047794 0.126634
0 0.892157 0.447304 0.047794 0.126634
0 0.133119 0.666258 0.062194 0.145425
0 0.195619 0.669118 0.055453 0.110294
0 0.885417 0.655637 0.047181 0.104575
0 0.828278 0.658905 0.050551 0.099673
0 0.719669 0.662582 0.055147 0.110294
0 0.609988 0.665850 0.055147 0.110294
0 0.378370 0.664216 0.055147 0.110294
0 0.255668 0.668709 0.055453 0.110294
0 0.319700 0.663807 0.053615 0.131536
0 0.435355 0.657884 0.042892 0.131127
0 0.555913 0.656863 0.053615 0.131536
0 0.493413 0.658088 0.053615 0.131536
0 0.774510 0.651757 0.052083 0.127859
0 0.664522 0.663807 0.046569 0.103758
0 0.138174 0.896650 0.054534 0.113562
0 0.381434 0.879698 0.054534 0.104984
0 0.319853 0.883578 0.054534 0.113562
0 0.261336 0.889297 0.054534 0.113562
0 0.196998 0.894199 0.054534 0.113562
0 0.873928 0.862949 0.046875 0.107435
0 0.820466 0.863562 0.047794 0.103758
0 0.766850 0.866013 0.047181 0.107843
0 0.713082 0.868464 0.050551 0.109477
0 0.660233 0.869077 0.048407 0.105801
0 0.603554 0.871528 0.050858 0.109886
0 0.551164 0.875613 0.051471 0.110703
0 0.494485 0.875000 0.052083 0.109477
0 0.440564 0.876225 0.054534 0.111928
