0 0.269301 0.153186 0.049020 0.122549
0 0.266238 0.342320 0.049020 0.122549
0 0.318321 0.169730 0.045343 0.100082
0 0.560355 0.182394 0.045343 0.100082
0 0.514093 0.180351 0.045343 0.100082
0 0.464767 0.177083 0.045343 0.100082
0 0.412684 0.175041 0.045343 0.100082
0 0.365809 0.174224 0.045343 0.100082
0 0.835478 0.190564 0.045343 0.100082
0 0.789216 0.191789 0.045343 0.100082
0 0.743873 0.190972 0.045343 0.100082
0 0.317249 0.350490 0.042586 0.096405
0 0.782016 0.365196 0.042586 0.096405
0 0.738205 0.365605 0.042586 0.096405
0 0.690411 0.363971 0.042586 0.096405
0 0.643229 0.363971 0.042586 0.096405
0 0.597273 0.366422 0.042586 0.096405
0 0.554381 0.361111 0.042586 0.096405
0 0.504136 0.356209 0.042586 0.096405
0 0.463695 0.354984 0.042586 0.096405
0 0.413450 0.356618 0.042586 0.096405
0 0.365043 0.354575 0.042586 0.096405
0 0.314491 0.535539 0.043199 0.097222
0 0.729320 0.537990 0.039522 0.085784
0 0.688113 0.536560 0.036152 0.084559
0 0.595435 0.534722 0.038909 0.092320
0 0.546569 0.536152 0.037377 0.089461
0 0.455423 0.540033 0.043199 0.097222
0 0.410080 0.537173 0.043199 0.097222
0 0.360754 0.536765 0.043199 0.097222
0 0.775888 0.537173 0.039522 0.085784
0 0.314951 0.708946 0.040441 0.090278
0 0.859988 0.700368 0.040441 0.090278
0 0.815564 0.706495 0.040441 0.090278
0 0.727941 0.704453 0.040441 0.090278
0 0.685049 0.704453 0.040441 0.090278
0 0.638787 0.701593 0.040441 0.090278
0 0.458640 0.701593 0.040441 0.090278
0 0.360294 0.705678 0.040441 0.090278
0 0.269455 0.890727 0.040135 0.093546
0 0.857690 0.868260 0.040135 0.093546
0 0.812347 0.871528 0.040135 0.093546
0 0.770374 0.870711 0.040135 0.093546
0 0.723192 0.871936 0.040135 0.093546
0 0.681526 0.869077 0.040135 0.093546
0 0.635876 0.870302 0.040135 0.093546
0 0.593290 0.873162 0.040135 0.093546
0 0.547947 0.871936 0.040135 0.093546
0 0.501685 0.875613 0.040135 0.093546
0 0.456342 0.882557 0.040135 0.093546
0 0.409161 0.878472 0.040135 0.093546
0 0.363817 0.884191 0.040135 0.093546
0 0.314491 0.887868 0.040135 0.093546
0 0.605086 0.172998 0.033088 0.113154
0 0.648284 0.180760 0.033088 0.113154
0 0.698529 0.184232 0.038603 0.099673
0 0.883272 0.185253 0.036765 0.111520
0 0.870404 0.358252 0.040441 0.102941
0 0.828431 0.356209 0.040441 0.102941
0 0.263480 0.526757 0.045343 0.117239
0 0.267770 0.700368 0.045343 0.117239
0 0.501838 0.529616 0.040441 0.109069
0 0.644301 0.527574 0.040441 0.109069
0 0.867034 0.531250 0.040441 0.109069
0 0.818627 0.528391 0.040441 0.109069
0 0.501379 0.698734 0.033395 0.106618
0 0.548254 0.696691 0.040748 0.104167
0 0.592984 0.695874 0.033395 0.106618
