0 0.237439 0.127885 0.056985 0.159701
0 0.301317 0.119775 0.054841 0.184654
0 0.409467 0.144417 0.052390 0.149095
0 0.462623 0.132876 0.051471 0.172177
0 0.519608 0.143169 0.050245 0.151591
0 0.570925 0.129445 0.038909 0.169058
0 0.623315 0.137867 0.048100 0.177168
0 0.678156 0.150031 0.049326 0.146600
0 0.736060 0.148784 0.049326 0.146600
0 0.246170 0.357143 0.054228 0.194011
0 0.297641 0.374298 0.047488 0.147224
0 0.349724 0.376170 0.047488 0.147224
0 0.405484 0.364005 0.054841 0.177792
0 0.462010 0.382720 0.048407 0.154086
0 0.574142 0.384591 0.048407 0.154086
0 0.521446 0.382720 0.048407 0.154086
0 0.624081 0.365876 0.046569 0.176544
0 0.680300 0.384903 0.041973 0.153462
0 0.731771 0.388022 0.041973 0.153462
0 0.238205 0.614473 0.049939 0.189644
0 0.292892 0.618216 0.052083 0.155958
0 0.348958 0.592951 0.049632 0.162820
0 0.408088 0.609170 0.047794 0.182782
0 0.461091 0.597318 0.047794 0.182782
0 0.510876 0.619464 0.047488 0.157205
0 0.563572 0.616344 0.047488 0.157205
0 0.676930 0.620711 0.047488 0.157205
0 0.730545 0.621959 0.047488 0.157205
0 0.234988 0.866500 0.052083 0.155958
0 0.292126 0.869619 0.049326 0.152215
0 0.354013 0.854648 0.041973 0.177168
0 0.405790 0.864005 0.049326 0.154710
0 0.563572 0.849657 0.049326 0.154710
0 0.509651 0.847162 0.049326 0.154710
0 0.456648 0.862133 0.049326 0.154710
0 0.621017 0.862757 0.047181 0.139738
0 0.671875 0.854336 0.050245 0.180287
0 0.726256 0.858391 0.049326 0.154710
