0 0.155715 0.161969 0.107820 0.168709
0 0.649236 0.168709 0.096252 0.142157
0 0.873207 0.189134 0.098103 0.156046
0 0.764692 0.171160 0.105044 0.139706
0 0.539102 0.165237 0.100879 0.142565
0 0.424572 0.160743 0.105044 0.137663
0 0.283434 0.152165 0.105044 0.137663
0 0.130727 0.442198 0.125405 0.169526
0 0.267469 0.446487 0.129570 0.175654
0 0.403286 0.439951 0.110597 0.156046
0 0.531236 0.444036 0.112911 0.151961
0 0.774179 0.451797 0.112911 0.151961
0 0.652013 0.446895 0.112911 0.151961
0 0.898195 0.462010 0.112911 0.151961
0 0.129570 0.756944 0.102730 0.197712
0 0.255437 0.744485 0.115687 0.171977
0 0.904674 0.742443 0.115687 0.171977
0 0.771402 0.744894 0.115687 0.171977
0 0.642758 0.742034 0.115687 0.171977
0 0.521981 0.744485 0.115687 0.171977
0 0.391023 0.744077 0.115687 0.171977
