0 0.279871 0.343670 0.063419 0.177858
0 0.354013 0.319323 0.068934 0.221425
0 0.427237 0.315736 0.068934 0.221425
0 0.509038 0.305741 0.067096 0.201435
0 0.584712 0.303947 0.073223 0.208098
0 0.663297 0.305484 0.070466 0.177345
0 0.828585 0.283444 0.075061 0.183496
0 0.136795 0.348027 0.063419 0.159918
0 0.058058 0.777037 0.062806 0.171194
0 0.680913 0.764992 0.076287 0.193234
0 0.598499 0.768836 0.073223 0.187596
0 0.515319 0.767555 0.075980 0.186058
0 0.433517 0.767811 0.069853 0.174270
0 0.357230 0.767811 0.071078 0.177345
0 0.283088 0.768580 0.068627 0.168631
0 0.206189 0.771912 0.069853 0.170169
0 0.128830 0.779600 0.062806 0.171194
0 0.766391 0.764992 0.076287 0.193234
0 0.854473 0.734751 0.084559 0.227063
0 0.938725 0.730138 0.084559 0.227063
