0 0.054534 0.320354 0.065564 0.182062
0 0.133885 0.318206 0.065564 0.182062
0 0.687806 0.296455 0.079657 0.197637
0 0.606924 0.302095 0.072304 0.193878
0 0.520680 0.304511 0.078125 0.194415
0 0.441636 0.309076 0.070772 0.194952
0 0.361213 0.308002 0.065564 0.182062
0 0.280944 0.311762 0.065564 0.182062
0 0.212010 0.315521 0.065564 0.182062
0 0.778493 0.293233 0.079657 0.197637
0 0.865809 0.295113 0.081495 0.168099
0 0.953738 0.294039 0.081495 0.168099
0 0.104473 0.769066 0.071078 0.194415
0 0.413603 0.772825 0.071078 0.194415
0 0.258578 0.770677 0.071078 0.194415
0 0.181679 0.774436 0.071078 0.194415
0 0.673100 0.773899 0.071078 0.194415
0 0.588848 0.770677 0.071078 0.194415
0 0.758578 0.780075 0.072304 0.206767
0 0.942708 0.784640 0.077206 0.220193
0 0.847426 0.779001 0.077206 0.208915
