0 0.241115 0.096814 0.058824 0.151144
0 0.312806 0.101103 0.061275 0.153186
0 0.386795 0.111724 0.055453 0.145833
0 0.460631 0.121119 0.065257 0.142565
0 0.529259 0.128268 0.057292 0.141340
0 0.599265 0.138072 0.056373 0.138889
0 0.665441 0.142565 0.054534 0.132353
0 0.731005 0.147467 0.054534 0.129085
0 0.225797 0.356822 0.066176 0.152369
0 0.297488 0.361724 0.061887 0.149101
0 0.374081 0.366626 0.061275 0.145833
0 0.447763 0.371732 0.057904 0.147059
0 0.520987 0.375613 0.057292 0.139297
0 0.579810 0.377247 0.045650 0.142565
0 0.632812 0.380923 0.048713 0.143382
0 0.684436 0.381536 0.049632 0.138072
0 0.731005 0.388889 0.051471 0.132353
0 0.786918 0.386029 0.045650 0.142157
0 0.214767 0.633170 0.063725 0.144608
0 0.287990 0.635008 0.054534 0.143382
0 0.367953 0.635008 0.058824 0.143382
0 0.440717 0.633987 0.060355 0.134804
0 0.509038 0.637663 0.059743 0.135621
0 0.570312 0.626634 0.046262 0.153595
0 0.623315 0.630515 0.048100 0.152369
0 0.673407 0.629289 0.047181 0.145833
0 0.724724 0.629289 0.048713 0.152369
0 0.785999 0.630923 0.038909 0.149101
0 0.207261 0.902165 0.060355 0.145833
0 0.286305 0.898897 0.069547 0.139297
0 0.362439 0.898284 0.061275 0.135621
0 0.434896 0.897263 0.060355 0.133578
0 0.513634 0.891136 0.062194 0.127859
0 0.583640 0.893382 0.056373 0.132353
0 0.648897 0.892770 0.059436 0.136029
0 0.712316 0.890523 0.056985 0.142157
0 0.777727 0.896038 0.060355 0.136029
