0 0.076900 0.312022 0.064951 0.192053
0 0.302390 0.325267 0.071078 0.192053
0 0.223039 0.319664 0.064951 0.192053
0 0.149203 0.319664 0.064951 0.192053
0 0.633885 0.336475 0.080882 0.200204
0 0.549326 0.330107 0.074755 0.192562
0 0.462469 0.330616 0.074449 0.184412
0 0.379289 0.326286 0.071078 0.192053
0 0.902574 0.340041 0.080882 0.200204
0 0.808517 0.335456 0.080882 0.200204
0 0.718137 0.336475 0.080882 0.200204
0 0.082874 0.733062 0.067096 0.191544
0 0.816176 0.785787 0.083946 0.199185
0 0.562040 0.767702 0.067096 0.191544
0 0.477788 0.763118 0.067096 0.191544
0 0.399663 0.751401 0.067096 0.191544
0 0.233609 0.740194 0.067096 0.191544
0 0.904718 0.791900 0.083946 0.199185
0 0.725797 0.764646 0.082108 0.246561
0 0.161765 0.727967 0.082108 0.246561
0 0.321385 0.747326 0.082108 0.246561
0 0.641238 0.761589 0.082108 0.246561
