0 0.081342 0.354371 0.106924 0.218546
0 0.198070 0.363358 0.097120 0.220997
0 0.316483 0.367647 0.098652 0.214052
0 0.424479 0.373162 0.090993 0.205474
0 0.526348 0.377859 0.089461 0.207516
0 0.617800 0.362337 0.071998 0.229575
0 0.695619 0.368873 0.071998 0.229575
0 0.772672 0.368873 0.070466 0.223039
0 0.848039 0.373775 0.068627 0.219771
0 0.942862 0.372753 0.048100 0.228350
0 0.082261 0.764706 0.105086 0.226307
0 0.202206 0.766340 0.106618 0.225490
0 0.311887 0.759191 0.094363 0.215278
0 0.414216 0.758170 0.093750 0.210784
0 0.531097 0.755719 0.100184 0.204248
0 0.635263 0.756332 0.088542 0.198938
0 0.728860 0.756332 0.082108 0.198938
0 0.823223 0.754698 0.077206 0.202206
0 0.918964 0.755923 0.076287 0.186683
