0 0.065104 0.248768 0.055453 0.121361
0 0.126991 0.249888 0.071385 0.131661
0 0.282629 0.256382 0.055453 0.121361
0 0.411305 0.259516 0.055453 0.121361
0 0.348499 0.258621 0.055453 0.121361
0 0.578891 0.263995 0.055453 0.121361
0 0.838388 0.263099 0.055453 0.121361
0 0.771906 0.263547 0.055453 0.121361
0 0.704810 0.261308 0.055453 0.121361
0 0.640778 0.262651 0.055453 0.121361
0 0.057904 0.539857 0.068627 0.123153
0 0.216299 0.535826 0.068627 0.123153
0 0.133119 0.543887 0.055453 0.121361
0 0.576134 0.557770 0.055453 0.121361
0 0.846048 0.552396 0.055453 0.121361
0 0.780484 0.554187 0.055453 0.121361
0 0.715227 0.555083 0.055453 0.121361
0 0.642310 0.555083 0.055453 0.121361
0 0.074295 0.832288 0.054228 0.117779
0 0.207567 0.835871 0.054228 0.117779
0 0.138021 0.830497 0.054228 0.117779
0 0.289675 0.824227 0.056679 0.149127
0 0.350950 0.828706 0.056679 0.149127
0 0.413756 0.837438 0.058517 0.122705
0 0.719516 0.847291 0.058517 0.122705
0 0.656097 0.847738 0.058517 0.122705
0 0.596354 0.844604 0.058517 0.122705
0 0.533241 0.840573 0.058517 0.122705
0 0.475031 0.836543 0.058517 0.122705
0 0.783088 0.833632 0.058211 0.143753
0 0.848958 0.836319 0.058211 0.143753
