0 0.112745 0.262100 0.061275 0.136073
0 0.181066 0.265297 0.061275 0.136073
0 0.252911 0.269635 0.059130 0.131963
0 0.321998 0.268037 0.061275 0.136073
0 0.389400 0.269863 0.061275 0.136073
0 0.466759 0.271005 0.062806 0.139269
0 0.579963 0.271689 0.060049 0.133333
0 0.648591 0.273059 0.060049 0.134247
0 0.709559 0.275571 0.056373 0.131050
0 0.776042 0.274429 0.058211 0.132420
0 0.839614 0.275342 0.058517 0.135160
0 0.908854 0.274658 0.058517 0.132877
0 0.096661 0.594749 0.064645 0.142009
0 0.173560 0.593836 0.064645 0.142009
0 0.246170 0.594292 0.060968 0.142922
0 0.340686 0.594977 0.062500 0.136986
0 0.408241 0.594521 0.062194 0.140639
0 0.479473 0.595205 0.061275 0.141096
0 0.567249 0.589041 0.078125 0.137900
0 0.643076 0.590183 0.061275 0.141096
0 0.710172 0.589269 0.061275 0.141096
0 0.795650 0.583790 0.061275 0.141096
0 0.868260 0.586301 0.056985 0.135160
0 0.935968 0.587215 0.060049 0.136986
0 0.093597 0.928995 0.064645 0.142009
0 0.165288 0.928082 0.064645 0.142009
0 0.240349 0.927169 0.064645 0.142009
0 0.316636 0.925571 0.065257 0.141553
0 0.390012 0.910959 0.063113 0.174429
0 0.483456 0.909361 0.067402 0.169406
0 0.551317 0.922603 0.065870 0.142009
0 0.621170 0.917808 0.063419 0.143379
0 0.685815 0.915753 0.067096 0.143836
0 0.751379 0.913242 0.059743 0.137900
0 0.816023 0.909817 0.067096 0.143836
0 0.882047 0.896119 0.066789 0.176712
0 0.953431 0.888128 0.065564 0.181735
