0 0.239737 0.129976 0.049939 0.191194
0 0.294577 0.151086 0.048713 0.151387
0 0.347273 0.154101 0.048713 0.151387
0 0.402574 0.141435 0.052083 0.176719
0 0.459099 0.160434 0.049939 0.149578
0 0.519761 0.159228 0.049939 0.149578
0 0.571691 0.161037 0.048407 0.143546
0 0.623928 0.142943 0.046875 0.165259
0 0.681679 0.156815 0.041054 0.142340
0 0.732537 0.164053 0.041054 0.142340
0 0.233456 0.377865 0.049632 0.185163
0 0.289675 0.389626 0.052390 0.159228
0 0.344516 0.370024 0.052390 0.168275
0 0.404105 0.380579 0.050245 0.174910
0 0.458487 0.367913 0.048100 0.183353
0 0.508732 0.390832 0.047488 0.151990
0 0.561734 0.387817 0.047488 0.151990
0 0.676011 0.389023 0.047488 0.151990
0 0.729013 0.393245 0.047488 0.151990
0 0.228248 0.629373 0.050245 0.157419
0 0.289828 0.631484 0.050858 0.138721
0 0.351103 0.616707 0.042279 0.185163
0 0.399969 0.622437 0.044424 0.148372
0 0.452053 0.623040 0.044424 0.148372
0 0.503523 0.615199 0.044424 0.148372
0 0.562040 0.609771 0.044424 0.148372
0 0.617800 0.624246 0.044424 0.148372
0 0.668811 0.609168 0.045343 0.168878
0 0.720895 0.617913 0.050858 0.138118
0 0.230545 0.869421 0.049939 0.140531
0 0.295496 0.853739 0.047488 0.145356
0 0.351256 0.857961 0.047488 0.145356
0 0.404871 0.857057 0.044424 0.139928
0 0.449602 0.855850 0.044424 0.139928
0 0.511642 0.840169 0.063113 0.176116
0 0.568015 0.850724 0.047181 0.142943
0 0.620711 0.849517 0.047181 0.142943
0 0.673866 0.835947 0.048100 0.164053
0 0.723192 0.835947 0.048100 0.164053
