0 0.218290 0.101813 0.055453 0.124593
0 0.281403 0.089726 0.053002 0.112506
0 0.383272 0.118085 0.043505 0.108787
0 0.436887 0.109252 0.047181 0.124593
0 0.490962 0.119944 0.045037 0.103208
0 0.541207 0.109484 0.036458 0.124128
0 0.589767 0.113901 0.041667 0.126453
0 0.643076 0.128312 0.041667 0.104138
0 0.696998 0.124128 0.041667 0.104138
0 0.230086 0.273129 0.047794 0.135286
0 0.282475 0.286378 0.044730 0.108787
0 0.331495 0.286843 0.044730 0.108787
0 0.383425 0.276151 0.054841 0.124593
0 0.436581 0.290098 0.044730 0.108787
0 0.495098 0.292422 0.044730 0.108787
0 0.542586 0.293352 0.044730 0.108787
0 0.589920 0.280102 0.041360 0.124128
0 0.641238 0.293817 0.044118 0.105067
0 0.690870 0.295212 0.044118 0.105067
0 0.226716 0.451883 0.048407 0.132032
0 0.277420 0.455602 0.053615 0.109716
0 0.331036 0.446072 0.048713 0.125988
0 0.386489 0.450256 0.045650 0.126918
0 0.436734 0.441423 0.045650 0.126918
0 0.484222 0.457229 0.042586 0.105532
0 0.531097 0.453975 0.042586 0.105532
0 0.640165 0.457229 0.042586 0.105532
0 0.685202 0.457694 0.042586 0.105532
0 0.223192 0.627150 0.048713 0.105067
0 0.281097 0.628545 0.048713 0.105067
0 0.338542 0.619014 0.037990 0.118550
0 0.384191 0.625291 0.044118 0.110646
0 0.430913 0.625988 0.042586 0.100883
0 0.481771 0.611576 0.046262 0.115760
0 0.531250 0.613901 0.044730 0.115760
0 0.582721 0.622966 0.041054 0.106927
0 0.630208 0.604138 0.041054 0.111111
0 0.678922 0.616922 0.041667 0.096699
0 0.231924 0.799861 0.047181 0.096234
0 0.288909 0.783589 0.047181 0.096234
0 0.340074 0.782659 0.047181 0.096234
0 0.389706 0.782892 0.042279 0.107857
0 0.434283 0.784286 0.040748 0.098559
0 0.486826 0.772664 0.056373 0.123663
0 0.537224 0.779405 0.043199 0.103673
0 0.588388 0.783124 0.043199 0.103673
0 0.633578 0.768015 0.045956 0.113436
0 0.679534 0.764761 0.045956 0.113436
0 0.230086 0.940028 0.050858 0.107857
0 0.281556 0.943747 0.049632 0.096699
0 0.331801 0.945374 0.043505 0.093445
0 0.378370 0.945839 0.050858 0.108322
0 0.535999 0.926778 0.044424 0.116690
0 0.630821 0.937238 0.045956 0.108787
0 0.677696 0.938168 0.045956 0.108787
