0 0.132200 0.177492 0.104473 0.208742
0 0.240656 0.181781 0.090993 0.200163
0 0.350797 0.190155 0.084559 0.203023
0 0.453585 0.196078 0.084252 0.191176
0 0.545496 0.199959 0.079350 0.194036
0 0.629136 0.190972 0.057904 0.218546
0 0.698683 0.193832 0.062806 0.215278
0 0.771906 0.195670 0.062194 0.207516
0 0.838235 0.201593 0.058824 0.202206
0 0.924326 0.206699 0.077206 0.200980
0 0.141697 0.559436 0.100184 0.206291
0 0.254289 0.559232 0.103554 0.204248
0 0.356158 0.557190 0.088542 0.197712
0 0.450674 0.557598 0.085172 0.194444
0 0.552543 0.555556 0.081801 0.198529
0 0.645221 0.554330 0.082108 0.191993
0 0.728860 0.552696 0.075368 0.188725
0 0.813725 0.552696 0.071078 0.188725
0 0.895221 0.549837 0.063725 0.176471
0 0.157169 0.890727 0.106005 0.193219
0 0.258425 0.887663 0.083640 0.194444
0 0.358303 0.905433 0.089154 0.167892
0 0.451900 0.900940 0.082721 0.174428
0 0.533395 0.887868 0.065564 0.198938
0 0.641544 0.881127 0.061275 0.205065
0 0.723805 0.877247 0.060355 0.195670
0 0.796722 0.873366 0.060355 0.191993
0 0.886642 0.871119 0.071078 0.183415
