0 0.250613 0.348329 0.044118 0.113111
0 0.302237 0.348972 0.046262 0.109254
0 0.348346 0.351971 0.034314 0.110111
0 0.397978 0.352399 0.034314 0.110111
0 0.445159 0.353470 0.044730 0.104542
0 0.491268 0.361611 0.045037 0.092545
0 0.539216 0.362254 0.038603 0.085261
0 0.588542 0.353899 0.039216 0.107969
0 0.633425 0.366752 0.041973 0.089117
0 0.679075 0.356898 0.040135 0.093402
0 0.251072 0.495501 0.041973 0.097258
0 0.306219 0.492502 0.041973 0.097258
0 0.398744 0.504499 0.040135 0.087832
0 0.445619 0.499143 0.040748 0.098543
0 0.495558 0.504284 0.039522 0.095116
0 0.538756 0.495073 0.033395 0.102399
0 0.583180 0.499786 0.041973 0.102399
0 0.631587 0.506427 0.039522 0.082262
0 0.680300 0.504070 0.039522 0.093830
0 0.259651 0.634105 0.043199 0.110540
0 0.305147 0.639674 0.038603 0.083976
0 0.350797 0.642245 0.038603 0.083976
0 0.398438 0.634961 0.045650 0.106255
0 0.444393 0.642674 0.041360 0.083976
0 0.541207 0.640960 0.041360 0.083976
0 0.495864 0.640960 0.041360 0.083976
0 0.584559 0.631105 0.037990 0.098543
0 0.633272 0.639889 0.039216 0.080977
0 0.675858 0.640317 0.039216 0.080977
0 0.255974 0.783633 0.043199 0.110540
0 0.302083 0.784062 0.043505 0.091688
0 0.349724 0.774207 0.046875 0.111397
0 0.398438 0.778063 0.043811 0.107112
0 0.445619 0.773350 0.041973 0.114824
0 0.488971 0.783205 0.038603 0.095116
0 0.531863 0.778920 0.038603 0.095116
0 0.629902 0.781491 0.041054 0.092545
0 0.674020 0.782776 0.041054 0.092545
0 0.251838 0.934447 0.043505 0.083976
0 0.302083 0.935733 0.043505 0.083976
0 0.355086 0.922879 0.039216 0.110540
0 0.398131 0.926093 0.038297 0.091260
0 0.442249 0.923308 0.036458 0.091688
0 0.487439 0.920951 0.039216 0.098115
0 0.533701 0.914953 0.039216 0.098115
0 0.580882 0.918809 0.039216 0.098115
0 0.624387 0.910240 0.039216 0.098115
0 0.672181 0.921165 0.038603 0.092545
