0 0.049781 0.110498 0.049109 0.092729
0 0.100235 0.110703 0.044400 0.097222
0 0.157921 0.100694 0.036663 0.101716
0 0.206189 0.097222 0.041709 0.101307
0 0.258325 0.096201 0.041036 0.099265
0 0.310629 0.092729 0.043391 0.103758
0 0.364279 0.091299 0.045745 0.104984
0 0.416078 0.091299 0.043727 0.111520
0 0.471578 0.088848 0.052472 0.111520
0 0.581567 0.095792 0.049109 0.095997
0 0.692903 0.091299 0.049781 0.089461
0 0.799193 0.094567 0.051800 0.095997
0 0.852842 0.092320 0.042718 0.096405
0 0.051631 0.314338 0.052809 0.089461
0 0.106122 0.314747 0.045409 0.090278
0 0.158762 0.314747 0.047090 0.095180
0 0.209889 0.315768 0.049109 0.090686
0 0.261016 0.315768 0.044400 0.090686
0 0.317524 0.314134 0.046418 0.091503
0 0.366969 0.306985 0.038345 0.108252
0 0.423814 0.313725 0.051800 0.097222
0 0.481500 0.312092 0.047427 0.093954
0 0.533804 0.310458 0.051800 0.090686
0 0.587958 0.309845 0.049109 0.095997
0 0.643794 0.309845 0.048436 0.093546
0 0.697444 0.309845 0.048100 0.095997
0 0.749411 0.308824 0.051800 0.091503
0 0.802388 0.308211 0.047427 0.095180
0 0.854692 0.303717 0.041036 0.095180
0 0.056509 0.516953 0.046418 0.092729
0 0.106122 0.516748 0.047427 0.094771
0 0.156576 0.515114 0.046081 0.093954
0 0.208375 0.517974 0.050118 0.094771
0 0.262529 0.518587 0.052809 0.098448
0 0.315674 0.517974 0.042718 0.097222
0 0.368483 0.517361 0.048100 0.095997
0 0.419778 0.520016 0.049109 0.097222
0 0.477968 0.519608 0.051127 0.098039
0 0.532459 0.519608 0.049109 0.098039
0 0.579213 0.508374 0.051800 0.111520
0 0.637908 0.514706 0.052809 0.097222
0 0.695594 0.511234 0.049781 0.095180
0 0.751598 0.514093 0.050790 0.095997
0 0.803397 0.511846 0.045409 0.096405
0 0.853851 0.510825 0.040700 0.095997
0 0.061049 0.713440 0.048100 0.105801
0 0.111504 0.713235 0.047427 0.081699
0 0.162967 0.716095 0.044736 0.082516
0 0.215271 0.714461 0.041709 0.081699
0 0.263707 0.722631 0.051800 0.087418
0 0.320552 0.721609 0.043727 0.091912
0 0.371678 0.722631 0.049109 0.091503
0 0.423814 0.716095 0.046418 0.109477
0 0.477968 0.715482 0.047090 0.108252
0 0.534309 0.713848 0.047427 0.111520
0 0.585604 0.715074 0.048436 0.118056
0 0.638917 0.723448 0.050790 0.097222
0 0.697107 0.719363 0.045409 0.091503
0 0.747561 0.719363 0.048100 0.087418
0 0.801547 0.722631 0.049109 0.087418
0 0.854692 0.718342 0.044400 0.093546
0 0.060209 0.909314 0.048436 0.100490
0 0.112849 0.913194 0.048100 0.095180
0 0.161117 0.920343 0.046418 0.089052
0 0.214262 0.921569 0.045745 0.091503
0 0.268920 0.914828 0.045409 0.109069
0 0.322906 0.920343 0.046418 0.107026
0 0.376051 0.919118 0.043727 0.107026
0 0.426169 0.929126 0.047090 0.095997
0 0.481164 0.927696 0.050118 0.097222
0 0.535150 0.925858 0.052472 0.095997
0 0.586949 0.922590 0.047090 0.095997
0 0.646653 0.925245 0.050118 0.094771
0 0.697444 0.925858 0.050118 0.095997
0 0.754793 0.924837 0.051800 0.098039
0 0.808443 0.921977 0.050118 0.097222
0 0.857383 0.921977 0.046418 0.097222
