0 0.142118 0.176149 0.109852 0.163239
0 0.264778 0.177462 0.109852 0.163239
0 0.404187 0.180963 0.112808 0.153611
0 0.875616 0.197374 0.100985 0.144420
0 0.761084 0.189059 0.106404 0.147921
0 0.641133 0.185339 0.104926 0.152735
0 0.519951 0.184026 0.112808 0.153611
0 0.149754 0.479869 0.089655 0.174617
0 0.267488 0.466302 0.110345 0.157987
0 0.646798 0.463239 0.101478 0.159737
0 0.516749 0.464770 0.107389 0.156674
0 0.392611 0.467177 0.110345 0.157987
0 0.879310 0.464989 0.108374 0.153611
0 0.761330 0.464333 0.105911 0.159300
0 0.134483 0.773523 0.118227 0.166740
0 0.638670 0.767396 0.109852 0.164114
0 0.524138 0.771772 0.118227 0.166740
0 0.394581 0.771772 0.118227 0.166740
0 0.262069 0.770022 0.118227 0.166740
0 0.894089 0.778775 0.106404 0.189497
