0 0.135665 0.208962 0.076885 0.233363
0 0.214534 0.218279 0.076885 0.204082
0 0.295387 0.189441 0.080853 0.204969
0 0.380208 0.206300 0.076885 0.229814
0 0.457341 0.195652 0.068452 0.238687
0 0.528522 0.221828 0.071925 0.191659
0 0.601935 0.219166 0.072917 0.198758
0 0.763145 0.216060 0.077877 0.197870
0 0.837798 0.224046 0.069444 0.190772
0 0.133681 0.528838 0.076885 0.193434
0 0.216766 0.533274 0.068452 0.181012
0 0.306052 0.515972 0.063492 0.224490
0 0.375248 0.524845 0.068948 0.188997
0 0.452629 0.522183 0.068948 0.188997
0 0.525794 0.501775 0.065476 0.203194
0 0.600694 0.495563 0.065476 0.203194
0 0.682292 0.523070 0.062004 0.183673
0 0.753472 0.501331 0.068452 0.221828
0 0.825645 0.518634 0.067956 0.188997
0 0.137401 0.839397 0.070437 0.182786
0 0.228423 0.819876 0.071925 0.184561
0 0.307788 0.816327 0.071925 0.184561
0 0.382937 0.820319 0.062500 0.180124
0 0.452133 0.814996 0.064980 0.171251
0 0.530754 0.790594 0.086310 0.228926
0 0.611607 0.805235 0.069444 0.187223
0 0.686508 0.807010 0.069444 0.187223
0 0.759673 0.787489 0.064980 0.206744
0 0.831349 0.782609 0.071429 0.214729
