0 0.239277 0.261029 0.049020 0.109477
0 0.297488 0.254698 0.049020 0.106618
0 0.350031 0.263072 0.041360 0.111928
0 0.406710 0.263480 0.041360 0.111928
0 0.456036 0.267974 0.043199 0.111111
0 0.513787 0.278799 0.045343 0.094363
0 0.565257 0.280433 0.045343 0.094363
0 0.726716 0.279616 0.049632 0.103350
0 0.672641 0.284109 0.041973 0.085376
0 0.620711 0.269199 0.048407 0.109477
0 0.239430 0.423815 0.048713 0.100082
0 0.300092 0.412786 0.048713 0.100082
0 0.406863 0.430760 0.048407 0.095180
0 0.460478 0.425858 0.047181 0.106618
0 0.517310 0.430760 0.044424 0.094363
0 0.566023 0.421160 0.040135 0.105392
0 0.617800 0.424632 0.045650 0.107435
0 0.671262 0.436683 0.042892 0.093954
0 0.727941 0.433415 0.042892 0.093954
0 0.247243 0.571895 0.050245 0.121732
0 0.296875 0.586193 0.046569 0.097222
0 0.350184 0.581699 0.046569 0.097222
0 0.404718 0.577002 0.052696 0.118056
0 0.458027 0.585376 0.046569 0.097222
0 0.726103 0.586193 0.044730 0.095588
0 0.674939 0.584150 0.041054 0.093137
0 0.620711 0.573121 0.046569 0.112745
0 0.569240 0.585784 0.046569 0.097222
0 0.519301 0.584559 0.046569 0.097222
0 0.235907 0.736928 0.050245 0.121732
0 0.290441 0.740605 0.051471 0.102124
0 0.345895 0.730188 0.052696 0.116422
0 0.404565 0.733660 0.049939 0.118464
0 0.456342 0.725899 0.049939 0.118464
0 0.508425 0.742647 0.044424 0.100490
0 0.559743 0.737132 0.050858 0.100082
0 0.671569 0.737541 0.050858 0.100082
0 0.727328 0.735498 0.050858 0.100082
0 0.227635 0.909722 0.051471 0.102124
0 0.290748 0.904412 0.051471 0.102124
0 0.351409 0.900531 0.043505 0.118056
0 0.399816 0.906250 0.045956 0.104167
0 0.452206 0.902165 0.045956 0.104167
0 0.504596 0.894404 0.045956 0.104167
0 0.560509 0.893791 0.051164 0.113562
0 0.616115 0.900735 0.047794 0.111111
0 0.671262 0.895221 0.051471 0.122141
0 0.725643 0.903799 0.051777 0.104167
