0 0.043560 0.227124 0.065183 0.122549
0 0.110154 0.228145 0.056095 0.124592
0 0.169853 0.232435 0.060169 0.129085
0 0.240520 0.228554 0.059229 0.123775
0 0.309621 0.232026 0.050141 0.125817
0 0.373864 0.225899 0.048261 0.140523
0 0.443435 0.231413 0.057035 0.131127
0 0.515356 0.232435 0.058602 0.129085
0 0.581949 0.235294 0.064557 0.128268
0 0.651833 0.233047 0.060169 0.123775
0 0.720307 0.233047 0.061736 0.132761
0 0.788154 0.234681 0.062050 0.127042
0 0.856001 0.232639 0.063616 0.127042
0 0.921498 0.230188 0.056095 0.127042
0 0.979160 0.230188 0.040426 0.127042
0 0.043560 0.501430 0.060169 0.127859
0 0.108430 0.501225 0.060796 0.125817
0 0.171576 0.506944 0.058602 0.132353
0 0.242714 0.510621 0.058602 0.132353
0 0.306957 0.512868 0.056722 0.131944
0 0.373551 0.513480 0.062676 0.132353
0 0.442181 0.515931 0.062676 0.132353
0 0.506738 0.514297 0.062676 0.132353
0 0.578189 0.516748 0.062676 0.132353
0 0.713883 0.509395 0.062676 0.132353
0 0.638985 0.498162 0.060169 0.139297
0 0.782827 0.513072 0.062676 0.132353
0 0.849264 0.516748 0.062676 0.132353
0 0.913820 0.517157 0.062676 0.132353
0 0.050924 0.760008 0.061109 0.110703
0 0.976183 0.511846 0.045127 0.140523
0 0.115481 0.767770 0.061109 0.110703
0 0.180038 0.771038 0.061109 0.110703
0 0.243654 0.771446 0.061109 0.110703
0 0.312441 0.775735 0.050768 0.116013
0 0.373394 0.781658 0.061109 0.110703
0 0.441711 0.779003 0.058602 0.147059
0 0.508775 0.779003 0.058602 0.147059
0 0.577405 0.775735 0.058602 0.147059
0 0.643842 0.780637 0.058602 0.147059
0 0.777029 0.787173 0.061736 0.125817
0 0.709339 0.788807 0.061736 0.125817
0 0.843466 0.785539 0.061736 0.125817
0 0.907396 0.783701 0.058602 0.119690
0 0.971012 0.782271 0.057976 0.122549
