0 0.059743 0.186887 0.072304 0.174428
0 0.138327 0.202410 0.067096 0.140931
0 0.352788 0.214665 0.057292 0.131944
0 0.284467 0.214257 0.067096 0.140931
0 0.205729 0.206904 0.067096 0.140931
0 0.420956 0.208129 0.056985 0.160539
0 0.558977 0.230596 0.057292 0.131944
0 0.487592 0.221609 0.057292 0.131944
0 0.625306 0.217525 0.050858 0.158905
0 0.817096 0.239175 0.049632 0.131127
0 0.755055 0.238766 0.057292 0.131944
0 0.691636 0.238766 0.057292 0.131944
0 0.878064 0.228758 0.055147 0.151961
0 0.940564 0.231209 0.055147 0.151961
0 0.073836 0.451797 0.072304 0.158497
0 0.144455 0.460989 0.065257 0.129493
0 0.215839 0.464665 0.065257 0.129493
0 0.287531 0.453636 0.062194 0.150735
0 0.357843 0.467320 0.062500 0.127451
0 0.419884 0.459967 0.050551 0.147059
0 0.486826 0.460580 0.057598 0.145833
0 0.549939 0.463031 0.057598 0.145833
0 0.619179 0.471814 0.054534 0.118464
0 0.924939 0.476307 0.054534 0.118464
0 0.864583 0.476716 0.054534 0.118464
0 0.741422 0.474673 0.054534 0.118464
0 0.677696 0.471814 0.054534 0.118464
0 0.804994 0.465278 0.055453 0.142974
0 0.081801 0.719975 0.064951 0.127859
0 0.914369 0.707516 0.055453 0.121732
0 0.851103 0.706087 0.057598 0.118056
0 0.792739 0.706291 0.056679 0.117647
0 0.732537 0.706904 0.058211 0.118873
0 0.673407 0.704657 0.056985 0.120915
0 0.610141 0.704453 0.059130 0.117239
0 0.548866 0.706904 0.059130 0.118873
0 0.486213 0.707925 0.058824 0.119281
0 0.422641 0.709763 0.060355 0.122141
0 0.356771 0.711601 0.060968 0.120915
0 0.291207 0.712214 0.061581 0.126225
0 0.222426 0.717116 0.064951 0.127859
0 0.150735 0.717116 0.064951 0.127859
0 0.084099 0.944444 0.064645 0.111111
0 0.153186 0.939134 0.066176 0.121732
0 0.355239 0.944444 0.059130 0.111111
0 0.288297 0.939134 0.066176 0.121732
0 0.219669 0.939134 0.066176 0.121732
0 0.418658 0.941993 0.059130 0.111111
0 0.604626 0.935866 0.053615 0.113562
0 0.543045 0.937092 0.059130 0.111111
0 0.482996 0.943219 0.059130 0.111111
0 0.808670 0.943219 0.053615 0.113562
0 0.865043 0.943219 0.053615 0.113562
0 0.918658 0.943219 0.053615 0.113562
0 0.722273 0.928922 0.053615 0.113562
0 0.662837 0.932598 0.053615 0.113562
