0 0.113832 0.177492 0.057951 0.116422
0 0.175405 0.189542 0.044498 0.091503
0 0.746292 0.205474 0.044498 0.091503
0 0.699034 0.202614 0.044498 0.091503
0 0.644188 0.199346 0.044498 0.091503
0 0.495171 0.196487 0.044498 0.091503
0 0.445154 0.195261 0.044498 0.091503
0 0.285098 0.189134 0.044498 0.091503
0 0.233701 0.189134 0.044498 0.091503
0 0.120731 0.364992 0.048293 0.102533
0 0.348568 0.372958 0.046568 0.098039
0 0.788720 0.374183 0.044498 0.080882
0 0.735426 0.372958 0.048982 0.083333
0 0.687478 0.372141 0.046223 0.085784
0 0.585029 0.375000 0.044153 0.089869
0 0.495171 0.376634 0.046568 0.098039
0 0.439634 0.377859 0.046568 0.098039
0 0.122801 0.544322 0.048293 0.102533
0 0.177130 0.551879 0.044498 0.090686
0 0.339600 0.549020 0.044498 0.090686
0 0.289238 0.549428 0.044498 0.090686
0 0.234736 0.549428 0.044498 0.090686
0 0.443429 0.547386 0.044498 0.090686
0 0.785616 0.540850 0.044498 0.090686
0 0.691100 0.545752 0.044498 0.090686
0 0.641773 0.548203 0.044498 0.090686
0 0.589686 0.545343 0.044498 0.090686
0 0.119007 0.734681 0.049672 0.100899
0 0.290790 0.719567 0.042773 0.104984
0 0.235081 0.720180 0.044498 0.103758
0 0.180407 0.732230 0.049672 0.100899
0 0.341325 0.726511 0.048637 0.092729
0 0.440324 0.720384 0.048637 0.092729
0 0.490686 0.718342 0.048637 0.092729
0 0.793377 0.709355 0.040704 0.082925
0 0.740255 0.710989 0.040704 0.082925
0 0.688513 0.710172 0.040704 0.082925
0 0.593653 0.712623 0.040704 0.082925
0 0.638496 0.710172 0.037944 0.108252
0 0.133494 0.905433 0.053812 0.108252
0 0.311314 0.904412 0.050707 0.097222
0 0.254915 0.907067 0.053122 0.100082
0 0.195757 0.911560 0.052087 0.093546
0 0.366678 0.892770 0.053812 0.108252
0 0.527941 0.897672 0.047948 0.097631
0 0.471024 0.891544 0.047948 0.102533
0 0.419972 0.892974 0.043808 0.107026
0 0.782856 0.881332 0.047948 0.097631
0 0.728010 0.880515 0.047948 0.097631
0 0.584512 0.895629 0.047948 0.097631
