0 0.103248 0.114243 0.066176 0.148368
0 0.462929 0.127102 0.066176 0.148368
0 0.385110 0.126113 0.066176 0.148368
0 0.314951 0.121662 0.066176 0.148368
0 0.248468 0.122156 0.066176 0.148368
0 0.177083 0.115232 0.066176 0.148368
0 0.169424 0.476756 0.066176 0.148368
0 0.241728 0.476261 0.066176 0.148368
0 0.333027 0.478734 0.066176 0.148368
0 0.407169 0.476261 0.066176 0.148368
0 0.476409 0.477250 0.066176 0.148368
0 0.912684 0.138477 0.057598 0.148368
0 0.091299 0.475767 0.066176 0.148368
0 0.579963 0.127596 0.057598 0.148368
0 0.648284 0.129575 0.057598 0.148368
0 0.711397 0.136004 0.057598 0.148368
0 0.777574 0.136499 0.057598 0.148368
0 0.844056 0.134026 0.057598 0.148368
0 0.565564 0.474036 0.069240 0.149852
0 0.641391 0.477498 0.059743 0.147873
0 0.933670 0.479970 0.059743 0.147873
0 0.868107 0.475519 0.059743 0.147873
0 0.798560 0.473541 0.059743 0.147873
0 0.708180 0.474530 0.059743 0.147873
0 0.313725 0.837043 0.066789 0.155786
0 0.237745 0.841494 0.066789 0.155786
0 0.163909 0.841988 0.066789 0.155786
0 0.091605 0.843966 0.066789 0.155786
0 0.387255 0.820722 0.063725 0.184471
0 0.481311 0.818249 0.063725 0.184471
0 0.549020 0.832591 0.066789 0.155786
0 0.811275 0.825668 0.066789 0.155786
0 0.745404 0.829130 0.066789 0.155786
0 0.680453 0.833086 0.066789 0.155786
0 0.615809 0.832097 0.066789 0.155786
0 0.950368 0.798220 0.069240 0.187933
0 0.876991 0.807369 0.068934 0.184471
