0 0.064185 0.257117 0.062806 0.140081
0 0.136949 0.257795 0.060662 0.138726
0 0.203125 0.260506 0.060049 0.137822
0 0.268382 0.257343 0.060049 0.137822
0 0.336703 0.253276 0.060049 0.137822
0 0.064032 0.531857 0.065564 0.132851
0 0.142770 0.528694 0.065564 0.132851
0 0.211703 0.529146 0.065564 0.132851
0 0.280637 0.527338 0.065564 0.132851
0 0.350643 0.530728 0.060355 0.135111
0 0.062194 0.807049 0.063725 0.161771
0 0.140625 0.807501 0.063725 0.161771
0 0.214614 0.801627 0.060355 0.169001
0 0.281250 0.814731 0.064951 0.141889
0 0.346507 0.814731 0.064951 0.141889
0 0.473192 0.244916 0.060355 0.161771
0 0.539675 0.246272 0.060355 0.161771
0 0.473499 0.532309 0.059743 0.145504
0 0.536918 0.535020 0.059743 0.145504
0 0.475643 0.803886 0.059743 0.145504
0 0.544577 0.806597 0.059743 0.145504
0 0.676777 0.243561 0.061275 0.155445
0 0.737745 0.248757 0.050245 0.154089
0 0.798100 0.253728 0.056985 0.137822
0 0.867953 0.254180 0.056985 0.137822
0 0.941789 0.246950 0.056985 0.137822
0 0.667433 0.531405 0.060355 0.140081
0 0.733915 0.530502 0.060355 0.140081
0 0.800705 0.518301 0.056679 0.159964
0 0.863205 0.529598 0.060355 0.140081
0 0.930607 0.518753 0.060355 0.140081
0 0.670803 0.804338 0.060355 0.140081
0 0.734528 0.805694 0.060355 0.140081
0 0.800398 0.803434 0.060355 0.140081
0 0.866268 0.801175 0.060355 0.140081
0 0.935815 0.802531 0.060355 0.140081
