0 0.282621 0.111520 0.136670 0.156863
0 0.427728 0.116626 0.135546 0.155637
0 0.575084 0.120098 0.128796 0.160131
0 0.712598 0.126021 0.130484 0.152369
0 0.850956 0.129698 0.118110 0.155637
0 0.302868 0.392565 0.135546 0.162582
0 0.454443 0.408088 0.121485 0.147059
0 0.587458 0.412582 0.123172 0.144608
0 0.716535 0.415237 0.120360 0.145833
0 0.854049 0.418096 0.127672 0.140114
0 0.330990 0.642565 0.127672 0.147876
0 0.461192 0.646650 0.120360 0.144608
0 0.588864 0.658701 0.120360 0.131127
0 0.713442 0.659109 0.123172 0.130310
0 0.841957 0.659314 0.103487 0.125817
0 0.339426 0.882353 0.119798 0.134804
0 0.462036 0.881740 0.106299 0.131127
0 0.584364 0.887663 0.107987 0.119281
0 0.711755 0.882761 0.119798 0.131536
0 0.853487 0.883374 0.101800 0.139297
