0 0.095435 0.286765 0.097120 0.235294
0 0.209712 0.291054 0.097120 0.237337
0 0.327665 0.295547 0.095895 0.228350
0 0.439798 0.303717 0.095282 0.229984
0 0.544577 0.310458 0.086091 0.220588
0 0.658854 0.316381 0.086091 0.224265
0 0.771906 0.320261 0.086703 0.214052
0 0.875460 0.329248 0.090380 0.207516
0 0.065564 0.700572 0.098652 0.248366
0 0.180607 0.697917 0.095282 0.231618
0 0.301624 0.698938 0.097120 0.236111
0 0.417892 0.699551 0.092525 0.237337
0 0.532935 0.701185 0.092831 0.227533
0 0.629136 0.702206 0.067708 0.238562
0 0.713235 0.702410 0.080270 0.234069
0 0.795956 0.707925 0.078431 0.232026
0 0.876991 0.709559 0.083640 0.226307
0 0.960325 0.712214 0.067708 0.238154
