0 0.129136 0.441176 0.059743 0.142974
0 0.130668 0.906454 0.059743 0.142974
0 0.129442 0.682598 0.059743 0.142974
0 0.132812 0.205882 0.059743 0.142974
0 0.196385 0.220384 0.062500 0.122958
0 0.199908 0.912990 0.060968 0.115196
0 0.194853 0.688317 0.056985 0.120915
0 0.198529 0.452002 0.062500 0.122958
0 0.509344 0.239583 0.055453 0.123775
0 0.449602 0.235090 0.056066 0.122958
0 0.388174 0.231413 0.062500 0.122958
0 0.320772 0.224877 0.062500 0.122958
0 0.261336 0.224060 0.062500 0.122958
0 0.566942 0.231005 0.043199 0.134395
0 0.621783 0.231413 0.043199 0.134395
0 0.682598 0.242851 0.050245 0.119690
0 0.843444 0.251021 0.050245 0.119690
0 0.787990 0.248979 0.050245 0.119690
0 0.737132 0.246119 0.050245 0.119690
0 0.904259 0.244281 0.041973 0.132353
0 0.447304 0.462214 0.055760 0.118056
0 0.387714 0.459150 0.055453 0.118464
0 0.321691 0.459355 0.062500 0.122958
0 0.261642 0.456495 0.062500 0.122958
0 0.786305 0.461397 0.049939 0.113154
0 0.730086 0.460376 0.047794 0.112745
0 0.676471 0.462827 0.049020 0.116830
0 0.620404 0.462214 0.055760 0.118056
0 0.565870 0.464665 0.055760 0.118056
0 0.507353 0.465074 0.055760 0.118056
0 0.839001 0.455474 0.052390 0.131536
0 0.892004 0.455882 0.052390 0.131536
0 0.504902 0.682598 0.051471 0.118464
0 0.324449 0.690768 0.056985 0.120915
0 0.258272 0.690359 0.056985 0.120915
0 0.437194 0.677492 0.045343 0.129493
0 0.672181 0.682394 0.047794 0.112337
0 0.559130 0.682190 0.051471 0.118464
0 0.777574 0.675041 0.047794 0.112337
0 0.726409 0.678309 0.047794 0.112337
0 0.615349 0.666871 0.045650 0.132761
0 0.887714 0.660743 0.045650 0.132761
0 0.831036 0.662786 0.045650 0.132761
0 0.441176 0.886438 0.044730 0.133170
0 0.559130 0.867034 0.041667 0.107435
0 0.323070 0.885621 0.060968 0.115196
0 0.502911 0.872549 0.060968 0.115196
0 0.387255 0.899510 0.057598 0.113562
0 0.260263 0.908497 0.060968 0.115196
0 0.617341 0.877247 0.046569 0.089461
0 0.884191 0.861315 0.046569 0.089461
0 0.829044 0.863766 0.046569 0.089461
0 0.723039 0.869485 0.046569 0.089461
0 0.671875 0.876430 0.046569 0.089461
0 0.777727 0.864583 0.045650 0.121324
