0 0.055453 0.232690 0.064951 0.174282
0 0.132047 0.232219 0.061275 0.175224
0 0.208333 0.232219 0.061275 0.175224
0 0.276042 0.244465 0.060049 0.153556
0 0.341605 0.240226 0.060049 0.153556
0 0.064798 0.527084 0.063419 0.177108
0 0.136795 0.527555 0.063419 0.177108
0 0.204810 0.536034 0.064032 0.154498
0 0.272518 0.532737 0.064032 0.154498
0 0.341146 0.534385 0.060968 0.153085
0 0.072151 0.821008 0.058517 0.169571
0 0.203278 0.826896 0.064032 0.151201
0 0.275276 0.828309 0.064032 0.151201
0 0.344516 0.825247 0.060968 0.152614
0 0.478707 0.235987 0.060968 0.152614
0 0.548560 0.232690 0.060968 0.152614
0 0.473805 0.534150 0.060968 0.152614
0 0.541054 0.530382 0.056985 0.151672
0 0.479013 0.819124 0.064032 0.144136
0 0.549632 0.819595 0.060049 0.145078
0 0.676011 0.231512 0.063419 0.147433
0 0.743107 0.233161 0.062194 0.148846
0 0.810202 0.231276 0.062194 0.148846
0 0.878217 0.232219 0.062194 0.148846
0 0.947457 0.232690 0.062194 0.148846
0 0.674786 0.527084 0.062194 0.148846
0 0.740962 0.524258 0.062194 0.148846
0 0.810815 0.520019 0.062194 0.148846
0 0.874540 0.519783 0.063419 0.153085
0 0.940104 0.512247 0.063419 0.153085
0 0.673407 0.821950 0.063113 0.149788
0 0.741422 0.820772 0.059436 0.150259
0 0.801164 0.808290 0.051471 0.166745
0 0.873009 0.813943 0.060355 0.145078
0 0.942862 0.816298 0.060355 0.145078
