0 0.049020 0.148489 0.058824 0.118056
0 0.166973 0.148489 0.058824 0.118056
0 0.112745 0.149714 0.058824 0.118056
0 0.224724 0.150940 0.055453 0.116422
0 0.290288 0.150123 0.055453 0.116422
0 0.350643 0.150123 0.051777 0.116422
0 0.406710 0.139706 0.047488 0.135621
0 0.471354 0.147467 0.053615 0.122549
0 0.537684 0.144812 0.055760 0.117239
0 0.598805 0.145425 0.054228 0.118464
0 0.660999 0.143791 0.054228 0.118464
0 0.723192 0.145425 0.054228 0.118464
0 0.784773 0.142157 0.054228 0.118464
0 0.846354 0.143791 0.054228 0.118464
0 0.907016 0.143791 0.054228 0.118464
0 0.968903 0.139093 0.050551 0.122141
0 0.056526 0.406046 0.055453 0.122549
0 0.112745 0.408701 0.053922 0.123775
0 0.170037 0.409926 0.053922 0.123775
0 0.229779 0.408292 0.053922 0.123775
0 0.351716 0.409926 0.053922 0.123775
0 0.413297 0.409109 0.053922 0.123775
0 0.473039 0.410743 0.053922 0.123775
0 0.533701 0.411152 0.053922 0.123775
0 0.594363 0.408292 0.053922 0.123775
0 0.653339 0.395221 0.054228 0.136846
0 0.718290 0.408701 0.057292 0.130310
0 0.781403 0.406658 0.057292 0.130310
0 0.842525 0.408292 0.055147 0.128676
0 0.900735 0.408292 0.055147 0.128676
0 0.959559 0.406250 0.055147 0.128676
0 0.064491 0.641136 0.053002 0.127042
0 0.121783 0.642157 0.050551 0.091503
0 0.179994 0.644608 0.050551 0.091503
0 0.237286 0.649101 0.050551 0.091503
0 0.292126 0.650735 0.050551 0.091503
0 0.358150 0.651552 0.051471 0.099673
0 0.412990 0.653799 0.051471 0.103350
0 0.476409 0.654820 0.053922 0.129902
0 0.532169 0.654003 0.053922 0.129902
0 0.596967 0.648489 0.056066 0.140931
0 0.653339 0.650940 0.056066 0.140931
0 0.716759 0.660948 0.054841 0.118464
0 0.778339 0.655637 0.054841 0.118464
0 0.839001 0.659314 0.054841 0.118464
0 0.897825 0.658497 0.054841 0.118464
0 0.955116 0.655637 0.054841 0.118464
0 0.066789 0.884395 0.051471 0.128268
0 0.123775 0.885621 0.051471 0.128268
0 0.179534 0.890319 0.049632 0.119690
0 0.240809 0.896242 0.054534 0.108660
0 0.299939 0.890727 0.045343 0.133578
0 0.359681 0.900123 0.047181 0.122141
0 0.597580 0.912582 0.049939 0.107026
0 0.537224 0.908905 0.048100 0.110294
0 0.473805 0.907680 0.053615 0.119281
0 0.415901 0.897672 0.046875 0.125408
0 0.655484 0.911765 0.049939 0.107026
0 0.719363 0.906863 0.052696 0.113562
0 0.839154 0.902778 0.052696 0.113562
0 0.899816 0.901144 0.052696 0.113562
0 0.956189 0.902165 0.049632 0.117239
