0 0.161612 0.103931 0.050551 0.161551
0 0.214154 0.089661 0.048407 0.133010
0 0.268536 0.093430 0.049326 0.140549
0 0.323836 0.097738 0.051471 0.141626
0 0.378676 0.098008 0.051471 0.138934
0 0.433517 0.099085 0.047181 0.136780
0 0.485141 0.102316 0.047488 0.140011
0 0.535386 0.102854 0.044424 0.141088
0 0.588082 0.106624 0.046875 0.136780
0 0.641850 0.110393 0.044730 0.138934
0 0.693168 0.109855 0.046262 0.137857
0 0.745251 0.106085 0.045037 0.130318
0 0.798560 0.108508 0.046262 0.125471
0 0.854167 0.108508 0.049020 0.125471
0 0.906250 0.112278 0.044730 0.133010
0 0.179841 0.453419 0.049632 0.154012
0 0.242188 0.456920 0.051777 0.157781
0 0.296722 0.443726 0.046875 0.131395
0 0.350797 0.448034 0.047181 0.137857
0 0.401808 0.445342 0.047488 0.130318
0 0.453431 0.446688 0.047181 0.133010
0 0.505821 0.444803 0.049020 0.123856
0 0.557445 0.447765 0.045650 0.127625
0 0.611366 0.448304 0.050551 0.126548
0 0.663603 0.448034 0.044118 0.130318
0 0.713082 0.449111 0.046262 0.128164
0 0.765165 0.449650 0.046262 0.131395
0 0.817555 0.448573 0.044424 0.129241
0 0.868107 0.452073 0.044424 0.134087
0 0.936121 0.464190 0.037684 0.147550
0 0.156710 0.800215 0.043199 0.146473
0 0.215839 0.795369 0.043199 0.151858
0 0.270987 0.784868 0.049939 0.127625
0 0.327665 0.784868 0.049326 0.127625
0 0.378523 0.783522 0.045650 0.124933
0 0.431373 0.784330 0.048407 0.126548
0 0.481924 0.785407 0.044118 0.126548
0 0.532475 0.785407 0.042892 0.126548
0 0.587776 0.783522 0.047488 0.128164
0 0.643229 0.784060 0.050551 0.129241
0 0.694240 0.783522 0.047181 0.128164
0 0.744485 0.780291 0.047794 0.123856
0 0.793658 0.782176 0.043199 0.120086
0 0.845741 0.781637 0.046262 0.119009
0 0.905178 0.798331 0.054228 0.150242
