0 0.035944 0.203227 0.057430 0.090278
0 0.372892 0.191381 0.057430 0.090278
0 0.302209 0.193832 0.057430 0.090278
0 0.237550 0.198325 0.057430 0.090278
0 0.171687 0.202410 0.057430 0.090278
0 0.102209 0.202410 0.057430 0.090278
0 0.653213 0.182802 0.057430 0.090278
0 0.579719 0.183211 0.057430 0.090278
0 0.511446 0.188930 0.057430 0.090278
0 0.439960 0.188113 0.057430 0.090278
0 0.727309 0.184845 0.065863 0.076389
0 0.804819 0.180760 0.065863 0.076389
0 0.087149 0.429330 0.065863 0.098039
0 0.225301 0.428513 0.065863 0.098039
0 0.153815 0.428922 0.065863 0.098039
0 0.352008 0.428105 0.062249 0.100490
0 0.789759 0.419118 0.062249 0.100490
0 0.711446 0.420752 0.062249 0.100490
0 0.644779 0.423203 0.062249 0.100490
0 0.568072 0.422386 0.062249 0.100490
0 0.499799 0.424837 0.062249 0.100490
0 0.102811 0.636846 0.053815 0.102124
0 0.792169 0.657475 0.067068 0.104984
0 0.717470 0.653595 0.059839 0.103758
0 0.640562 0.651757 0.065863 0.099265
0 0.571486 0.650327 0.053815 0.102124
0 0.500402 0.648284 0.053815 0.102124
0 0.433333 0.646242 0.053815 0.102124
0 0.361044 0.646650 0.053815 0.102124
0 0.290361 0.644608 0.053815 0.102124
0 0.223695 0.642565 0.053815 0.102124
0 0.166265 0.640931 0.053815 0.102124
0 0.103414 0.852533 0.056627 0.106209
0 0.512651 0.875000 0.056627 0.106209
0 0.443976 0.870915 0.056627 0.106209
0 0.374498 0.865605 0.056627 0.106209
0 0.304217 0.854575 0.056627 0.106209
0 0.236345 0.862745 0.056627 0.106209
0 0.171285 0.854167 0.056627 0.106209
0 0.576908 0.867034 0.069478 0.129493
0 0.648594 0.872958 0.062651 0.122549
0 0.723293 0.888685 0.061847 0.107435
0 0.792972 0.891748 0.056627 0.106209
