0 0.104626 0.208155 0.067708 0.194087
0 0.088388 0.828088 0.067708 0.194087
0 0.096354 0.510014 0.067708 0.194087
0 0.163909 0.840725 0.070466 0.163090
0 0.306985 0.838340 0.070466 0.163090
0 0.372243 0.834526 0.070466 0.163090
0 0.238358 0.835479 0.070466 0.163090
0 0.175551 0.227229 0.062500 0.156891
0 0.522365 0.244158 0.057598 0.150691
0 0.454504 0.242489 0.063419 0.152122
0 0.384344 0.241297 0.068321 0.156414
0 0.316176 0.237005 0.070466 0.163090
0 0.243566 0.235575 0.070466 0.163090
0 0.584252 0.235813 0.050245 0.167382
0 0.642770 0.238197 0.050245 0.167382
0 0.710172 0.256080 0.055147 0.153553
0 0.772365 0.260849 0.055147 0.153553
0 0.894301 0.266571 0.055147 0.153553
0 0.831495 0.264187 0.055147 0.153553
0 0.959099 0.258703 0.041973 0.168336
0 0.384498 0.531950 0.062500 0.156891
0 0.312194 0.529566 0.062500 0.156891
0 0.240196 0.528612 0.062500 0.156891
0 0.171875 0.526705 0.062500 0.156891
0 0.705116 0.539819 0.056679 0.151645
0 0.643995 0.539580 0.062500 0.156891
0 0.583640 0.542442 0.062500 0.156891
0 0.514400 0.541488 0.062500 0.156891
0 0.451287 0.536242 0.062500 0.156891
0 0.830729 0.541249 0.056679 0.151645
0 0.771599 0.537911 0.056679 0.151645
0 0.890931 0.531235 0.055760 0.178350
0 0.949449 0.535527 0.055760 0.178350
0 0.442402 0.818073 0.059436 0.176919
0 0.506127 0.825465 0.061275 0.150691
0 0.574142 0.827849 0.061275 0.150691
0 0.639553 0.811159 0.045037 0.172628
0 0.823070 0.822365 0.056679 0.141631
0 0.758885 0.819981 0.060049 0.143538
0 0.702819 0.822604 0.061275 0.150691
0 0.883119 0.803052 0.059743 0.166905
0 0.943781 0.802098 0.059743 0.166905
