0 0.195925 0.213296 0.114771 0.225300
0 0.671647 0.233149 0.099830 0.213296
0 0.562649 0.229686 0.097793 0.207295
0 0.445161 0.224377 0.101188 0.213296
0 0.319185 0.228070 0.114771 0.225300
0 0.783362 0.241921 0.099830 0.213296
0 0.892699 0.261773 0.099830 0.213296
0 0.192699 0.670129 0.096774 0.270083
0 0.307810 0.650508 0.108998 0.236380
0 0.898132 0.651200 0.105942 0.233149
0 0.783022 0.649584 0.104584 0.227147
0 0.669779 0.655125 0.108998 0.236380
0 0.553311 0.652355 0.108998 0.236380
0 0.433107 0.650046 0.108998 0.236380
