0 0.073070 0.086193 0.070159 0.132353
0 0.150582 0.088031 0.062806 0.133578
0 0.220435 0.088031 0.062806 0.133578
0 0.292739 0.088031 0.062806 0.133578
0 0.362592 0.088440 0.062806 0.133578
0 0.074908 0.339052 0.061581 0.150327
0 0.149050 0.338235 0.061581 0.150327
0 0.228707 0.339461 0.061581 0.150327
0 0.293964 0.349877 0.059130 0.131944
0 0.357996 0.349060 0.059130 0.131944
0 0.082261 0.590482 0.065257 0.154820
0 0.153186 0.589052 0.060662 0.153595
0 0.219210 0.598652 0.059743 0.136846
0 0.287224 0.599877 0.062806 0.134395
0 0.353248 0.597835 0.060049 0.135212
0 0.087929 0.841708 0.058824 0.147467
0 0.288756 0.847222 0.059743 0.128268
0 0.486673 0.846405 0.066483 0.131536
0 0.558058 0.847018 0.062806 0.128676
0 0.356158 0.846201 0.062806 0.128676
0 0.484835 0.597835 0.062806 0.128676
0 0.550858 0.597426 0.063725 0.127859
0 0.558824 0.344363 0.063113 0.137255
0 0.490502 0.347835 0.061887 0.141748
0 0.487132 0.093954 0.060662 0.132353
0 0.554534 0.093137 0.060662 0.132353
0 0.680453 0.091503 0.059436 0.133987
0 0.749081 0.093137 0.060049 0.132353
0 0.817096 0.083333 0.054534 0.149510
0 0.882659 0.091299 0.060662 0.129493
0 0.950061 0.082721 0.060662 0.129493
0 0.684436 0.344975 0.060662 0.129493
0 0.746630 0.346609 0.060662 0.129493
0 0.813113 0.345792 0.060662 0.129493
0 0.880515 0.346201 0.060662 0.129493
0 0.946078 0.345384 0.060662 0.129493
0 0.682292 0.593342 0.059436 0.131127
0 0.746324 0.592525 0.059436 0.131127
0 0.812806 0.591708 0.059436 0.131127
0 0.875919 0.587623 0.059436 0.131127
0 0.939645 0.583538 0.059436 0.131127
0 0.679841 0.846609 0.059436 0.131127
0 0.743873 0.842525 0.059436 0.131127
0 0.805913 0.834763 0.047488 0.140931
0 0.875153 0.841503 0.060968 0.130719
0 0.945619 0.841912 0.060968 0.130719
