0 0.089154 0.274510 0.066176 0.125000
0 0.456189 0.277574 0.064338 0.124592
0 0.391850 0.278595 0.066176 0.125000
0 0.322610 0.279820 0.066176 0.125000
0 0.230699 0.275327 0.066176 0.125000
0 0.164828 0.273693 0.066176 0.125000
0 0.544424 0.273489 0.074142 0.124592
0 0.615043 0.274918 0.057904 0.118464
0 0.894148 0.276144 0.057904 0.118464
0 0.833180 0.275327 0.057904 0.118464
0 0.763021 0.274101 0.057904 0.118464
0 0.679688 0.274918 0.057904 0.118464
0 0.091912 0.565359 0.066176 0.125000
0 0.159314 0.564542 0.066176 0.125000
0 0.233150 0.561683 0.066176 0.125000
0 0.301164 0.559641 0.066176 0.125000
0 0.371936 0.548203 0.061887 0.148693
0 0.461091 0.545752 0.062500 0.150327
0 0.528493 0.558619 0.062500 0.122958
0 0.776808 0.550858 0.060355 0.118873
0 0.716146 0.552083 0.057904 0.121324
0 0.653186 0.551675 0.062500 0.122958
0 0.590380 0.557394 0.062500 0.122958
0 0.840839 0.538807 0.062194 0.145425
0 0.906403 0.528186 0.062194 0.145425
0 0.098805 0.853145 0.063419 0.128676
0 0.172641 0.837827 0.066483 0.147876
0 0.525429 0.821691 0.063113 0.145833
0 0.460325 0.826389 0.066483 0.147876
0 0.241575 0.844771 0.064645 0.125817
0 0.312040 0.840482 0.065870 0.126225
0 0.394301 0.837010 0.063725 0.123366
0 0.590686 0.829861 0.052083 0.120507
0 0.654871 0.824142 0.046262 0.113971
0 0.716452 0.815768 0.056679 0.132353
0 0.777114 0.811683 0.056679 0.132353
0 0.840074 0.816585 0.051471 0.113562
0 0.899816 0.818219 0.051471 0.113562
