0 0.077512 0.352941 0.070466 0.178942
0 0.648284 0.353930 0.079044 0.198715
0 0.562960 0.349234 0.078738 0.189323
0 0.392157 0.351458 0.070466 0.178942
0 0.232537 0.352447 0.070466 0.178942
0 0.152267 0.354918 0.070466 0.178942
0 0.915441 0.347009 0.079044 0.198715
0 0.825980 0.349975 0.079044 0.198715
0 0.739583 0.351953 0.079044 0.198715
0 0.089461 0.749382 0.065564 0.184874
0 0.315411 0.760751 0.070772 0.184874
0 0.238051 0.754820 0.070466 0.188828
0 0.165594 0.753584 0.067096 0.184380
0 0.645374 0.783243 0.082414 0.195255
0 0.561581 0.775334 0.078431 0.177459
0 0.475950 0.769649 0.070772 0.184874
0 0.393536 0.769649 0.070772 0.184874
0 0.908548 0.804498 0.079963 0.210084
0 0.819700 0.790657 0.082414 0.195255
0 0.734835 0.787197 0.082414 0.195255
