0 0.081801 0.351103 0.061275 0.121324
0 0.152574 0.351511 0.061275 0.121324
0 0.218444 0.350694 0.061275 0.121324
0 0.284007 0.350490 0.057598 0.122549
0 0.349418 0.348039 0.054841 0.123366
0 0.081801 0.591503 0.064338 0.124183
0 0.155025 0.593954 0.064338 0.124183
0 0.225797 0.594363 0.064338 0.124183
0 0.293811 0.592729 0.064338 0.124183
0 0.360907 0.593137 0.064338 0.124183
0 0.081801 0.842320 0.063113 0.156863
0 0.153799 0.841503 0.063113 0.156863
0 0.230086 0.837418 0.063113 0.156863
0 0.292892 0.844363 0.059436 0.136438
0 0.357537 0.842729 0.059436 0.136438
0 0.480852 0.337418 0.056066 0.138072
0 0.547947 0.336601 0.056066 0.138072
0 0.483150 0.592729 0.056985 0.127451
0 0.547794 0.593137 0.056985 0.127451
0 0.487439 0.834150 0.056985 0.127451
0 0.553002 0.830065 0.056985 0.127451
0 0.677083 0.831904 0.061275 0.127042
0 0.742953 0.832312 0.061275 0.127042
0 0.806219 0.831087 0.056679 0.125408
0 0.869638 0.829453 0.056679 0.125408
0 0.937040 0.824959 0.056679 0.125408
0 0.671415 0.585172 0.053002 0.121324
0 0.735294 0.586397 0.055760 0.121324
0 0.802083 0.578023 0.054534 0.135621
0 0.863205 0.579453 0.058517 0.120507
0 0.926317 0.574959 0.058517 0.120507
0 0.673407 0.336397 0.058824 0.142565
0 0.734069 0.336806 0.053309 0.136846
0 0.795496 0.344771 0.056066 0.119281
0 0.858915 0.343954 0.056066 0.119281
0 0.933670 0.337827 0.056066 0.119281
