0 0.080116 0.236828 0.071385 0.191254
0 0.147365 0.249737 0.064951 0.167545
0 0.353707 0.252107 0.059743 0.164910
0 0.287684 0.251317 0.064951 0.167545
0 0.217525 0.252898 0.064951 0.167545
0 0.475797 0.248683 0.053922 0.160169
0 0.651348 0.244995 0.053922 0.160169
0 0.893689 0.246048 0.053922 0.160169
0 0.776348 0.249210 0.053922 0.160169
0 0.715993 0.247629 0.053922 0.160169
0 0.082567 0.568230 0.068934 0.172287
0 0.158701 0.571391 0.058211 0.165964
0 0.226562 0.557429 0.057904 0.186512
0 0.293045 0.552160 0.055453 0.184405
0 0.356158 0.561380 0.059130 0.161749
0 0.538450 0.550316 0.059130 0.161749
0 0.473192 0.551897 0.059130 0.161749
0 0.657782 0.547418 0.053922 0.150685
0 0.710478 0.532139 0.041667 0.173867
0 0.768995 0.541359 0.052696 0.148051
0 0.894608 0.532929 0.052696 0.148051
0 0.828125 0.536617 0.052696 0.148051
0 0.108915 0.870390 0.063419 0.188620
0 0.183824 0.875922 0.063113 0.158588
0 0.326593 0.862750 0.063113 0.158588
0 0.254596 0.871180 0.063113 0.158588
0 0.389246 0.849052 0.057292 0.181770
0 0.511795 0.844310 0.057292 0.181770
0 0.449295 0.846944 0.057292 0.181770
0 0.576287 0.844310 0.057598 0.143836
0 0.637561 0.838514 0.057598 0.143836
0 0.812194 0.811644 0.057598 0.143836
0 0.877757 0.806902 0.057598 0.143836
