0 0.081941 0.243891 0.057841 0.124887
0 0.151028 0.243439 0.075193 0.127602
0 0.304949 0.250679 0.057841 0.124887
0 0.668059 0.246154 0.057841 0.124887
0 0.601864 0.245249 0.057841 0.124887
0 0.433162 0.250679 0.057841 0.124887
0 0.368895 0.250226 0.057841 0.124887
0 0.866967 0.238914 0.057841 0.124887
0 0.802057 0.243439 0.057841 0.124887
0 0.731041 0.242534 0.057841 0.124887
0 0.075675 0.528959 0.070373 0.130317
0 0.242770 0.531222 0.070373 0.130317
0 0.156170 0.530317 0.069409 0.123982
0 0.605559 0.534389 0.056877 0.121267
0 0.880623 0.522624 0.056877 0.121267
0 0.810893 0.526244 0.056877 0.121267
0 0.748233 0.526244 0.056877 0.121267
0 0.674004 0.530769 0.056877 0.121267
0 0.095598 0.822172 0.056877 0.121267
0 0.232808 0.820362 0.056877 0.121267
0 0.160186 0.818100 0.056877 0.121267
0 0.315713 0.808371 0.059447 0.149774
0 0.378695 0.810633 0.059447 0.149774
0 0.444409 0.817195 0.060411 0.125792
0 0.760283 0.816742 0.060411 0.125792
0 0.693123 0.818552 0.060411 0.125792
0 0.633676 0.819005 0.060411 0.125792
0 0.569409 0.815837 0.060411 0.125792
0 0.506105 0.816290 0.060411 0.125792
0 0.825353 0.807692 0.066517 0.149321
0 0.893798 0.804977 0.066517 0.149321
