0 0.123232 0.160109 0.058990 0.095884
0 0.248889 0.148349 0.058990 0.095884
0 0.311919 0.133876 0.060606 0.119403
0 0.376162 0.129353 0.060606 0.119403
0 0.445657 0.127544 0.060606 0.119403
0 0.507677 0.122569 0.059394 0.115785
0 0.578384 0.124604 0.057778 0.099955
0 0.716566 0.111488 0.057778 0.099955
0 0.059192 0.403890 0.055354 0.095884
0 0.123434 0.404342 0.055354 0.095884
0 0.192525 0.398462 0.055354 0.095884
0 0.660808 0.383085 0.055354 0.095884
0 0.592929 0.385346 0.055354 0.095884
0 0.520202 0.387607 0.055354 0.095884
0 0.449495 0.390321 0.055354 0.095884
0 0.387273 0.391678 0.055354 0.095884
0 0.317778 0.393939 0.055354 0.095884
0 0.257576 0.396201 0.055354 0.095884
0 0.738990 0.366350 0.069495 0.128449
0 0.812121 0.365445 0.069495 0.128449
0 0.104040 0.645862 0.055354 0.095884
0 0.238182 0.643148 0.055354 0.095884
0 0.169495 0.646314 0.055354 0.095884
0 0.369293 0.649480 0.065455 0.108548
0 0.508687 0.641791 0.065455 0.108548
0 0.581010 0.644052 0.065455 0.108548
0 0.654949 0.643148 0.065455 0.108548
0 0.802828 0.639982 0.065455 0.108548
0 0.728485 0.639982 0.065455 0.108548
0 0.105051 0.883085 0.067879 0.113523
0 0.654949 0.902081 0.067879 0.113523
0 0.513535 0.897105 0.067879 0.113523
0 0.442828 0.894844 0.067879 0.113523
0 0.375758 0.893939 0.067879 0.113523
0 0.303838 0.889869 0.067879 0.113523
0 0.239596 0.889869 0.061414 0.122569
0 0.174141 0.885798 0.067879 0.113523
0 0.729293 0.902081 0.067879 0.113523
0 0.810101 0.894618 0.061414 0.095884
