0 0.029192 0.207108 0.038697 0.071895
0 0.069586 0.207721 0.038697 0.077206
0 0.112356 0.204861 0.041412 0.076389
0 0.160048 0.200572 0.037678 0.087418
0 0.202138 0.199959 0.035642 0.088644
0 0.243551 0.197917 0.032247 0.086193
0 0.288527 0.193423 0.041412 0.086193
0 0.332824 0.194444 0.045825 0.088235
0 0.378819 0.192198 0.038697 0.090278
0 0.424644 0.193423 0.047522 0.092729
0 0.515105 0.200572 0.043109 0.078431
0 0.607773 0.198938 0.043109 0.079248
0 0.698405 0.199551 0.043109 0.080474
0 0.742532 0.201593 0.041073 0.073938
0 0.033775 0.380923 0.038357 0.079657
0 0.074338 0.380310 0.044128 0.078431
0 0.116090 0.379289 0.039375 0.076389
0 0.159029 0.379902 0.041073 0.075163
0 0.202648 0.379289 0.042091 0.073938
0 0.246266 0.379493 0.037678 0.078431
0 0.293109 0.378676 0.035642 0.081699
0 0.334861 0.373366 0.032926 0.088235
0 0.383062 0.379902 0.043109 0.084150
0 0.427020 0.377655 0.039375 0.079657
0 0.473184 0.377247 0.042091 0.080474
0 0.521045 0.376021 0.044128 0.080474
0 0.564155 0.377655 0.042091 0.079657
0 0.612186 0.377042 0.043109 0.078431
0 0.655974 0.377655 0.040394 0.077206
0 0.697556 0.377042 0.039375 0.078431
0 0.744060 0.377655 0.036660 0.083742
0 0.034793 0.550041 0.040394 0.079657
0 0.075187 0.549428 0.040394 0.080882
0 0.116938 0.549837 0.041073 0.081699
0 0.157162 0.551471 0.041412 0.084967
0 0.202648 0.550654 0.042091 0.084967
0 0.248133 0.551675 0.044807 0.087010
0 0.292600 0.549837 0.036660 0.081699
0 0.337576 0.552696 0.040394 0.084967
0 0.380516 0.552288 0.044128 0.088235
0 0.426850 0.551675 0.043109 0.089461
0 0.473693 0.553309 0.045146 0.083742
0 0.515445 0.541054 0.040394 0.095180
0 0.563646 0.546569 0.043109 0.075163
0 0.608961 0.548407 0.042091 0.080474
0 0.652749 0.545547 0.041412 0.079657
0 0.697047 0.545343 0.040394 0.081699
0 0.742023 0.547181 0.038697 0.087010
0 0.038018 0.705474 0.041412 0.097222
0 0.077902 0.705678 0.034963 0.101716
0 0.121012 0.712827 0.040394 0.069444
0 0.164121 0.712214 0.040394 0.074755
0 0.204515 0.714869 0.040394 0.071895
0 0.248982 0.713235 0.043109 0.068627
0 0.298540 0.716708 0.037678 0.070670
0 0.338934 0.716708 0.041073 0.070670
0 0.382043 0.716503 0.043109 0.088235
0 0.428717 0.713848 0.039375 0.087010
0 0.474711 0.717116 0.035642 0.095997
0 0.519179 0.717116 0.042430 0.098448
0 0.562288 0.721201 0.042430 0.086193
0 0.609470 0.718342 0.043109 0.082925
0 0.652580 0.718342 0.043109 0.080474
0 0.696198 0.717729 0.044128 0.077614
0 0.738968 0.715482 0.044807 0.079657
0 0.036999 0.858660 0.039375 0.078431
0 0.076035 0.872345 0.042091 0.086193
0 0.119145 0.873366 0.042091 0.072712
0 0.164121 0.883987 0.043788 0.075980
0 0.205363 0.885621 0.038697 0.081699
0 0.253904 0.882761 0.036660 0.091503
0 0.295825 0.887868 0.035642 0.099265
0 0.339783 0.888889 0.041412 0.103758
0 0.385268 0.892770 0.036660 0.091912
0 0.429735 0.893178 0.041412 0.086193
0 0.476069 0.895425 0.043788 0.081699
0 0.520536 0.891544 0.039715 0.080474
0 0.566361 0.891136 0.045146 0.086193
0 0.612695 0.890727 0.042091 0.089461
0 0.657162 0.886642 0.046843 0.086193
0 0.701799 0.888889 0.045825 0.085784
0 0.743381 0.888889 0.041412 0.081699
