0 0.335179 0.166462 0.121806 0.193219
0 0.471678 0.171364 0.123083 0.196487
0 0.609242 0.176675 0.112862 0.196487
0 0.743399 0.180556 0.109455 0.197712
0 0.876917 0.186070 0.111584 0.199755
0 0.340503 0.516340 0.116269 0.201797
0 0.478705 0.532884 0.104770 0.180147
0 0.606474 0.538399 0.111584 0.179739
0 0.731261 0.547794 0.110733 0.185458
0 0.863714 0.556577 0.114991 0.183415
0 0.352428 0.830882 0.110307 0.188725
0 0.471039 0.833129 0.101363 0.186683
0 0.591993 0.851920 0.103918 0.171160
0 0.712308 0.857435 0.106899 0.175654
0 0.841141 0.866830 0.104770 0.181373
