0 0.060815 0.230211 0.075674 0.156909
0 0.136029 0.233958 0.066176 0.157845
0 0.208946 0.233021 0.066176 0.157845
0 0.280178 0.235831 0.062806 0.155035
0 0.349418 0.231616 0.062806 0.155035
0 0.059743 0.521311 0.069240 0.180796
0 0.136029 0.522951 0.061887 0.180328
0 0.211703 0.518735 0.061887 0.180328
0 0.280484 0.533489 0.059743 0.155504
0 0.345435 0.530211 0.059743 0.155504
0 0.066483 0.812178 0.065564 0.180796
0 0.135570 0.813115 0.062806 0.178923
0 0.204810 0.820375 0.065257 0.160656
0 0.273744 0.822248 0.062806 0.159719
0 0.340839 0.821311 0.062806 0.159719
0 0.475490 0.820141 0.062500 0.160187
0 0.540441 0.815222 0.061275 0.158782
0 0.549020 0.524356 0.061275 0.158782
0 0.477941 0.527635 0.061275 0.158782
0 0.475797 0.237939 0.059436 0.154567
0 0.543505 0.235597 0.059436 0.154567
0 0.673254 0.234660 0.060355 0.148009
0 0.741881 0.232787 0.060355 0.148009
0 0.811428 0.226698 0.060355 0.172365
0 0.875000 0.234660 0.058824 0.152693
0 0.945925 0.228571 0.066483 0.160187
0 0.674173 0.527400 0.065870 0.155504
0 0.741575 0.528571 0.062194 0.154098
0 0.807751 0.526230 0.062194 0.154098
0 0.875460 0.525293 0.062194 0.154098
0 0.944700 0.527635 0.062194 0.154098
0 0.675705 0.818501 0.062194 0.154098
0 0.741575 0.815691 0.060968 0.155972
0 0.808058 0.810539 0.060968 0.155972
0 0.872396 0.806792 0.058517 0.155035
0 0.939338 0.802810 0.061275 0.155504
