0 0.074295 0.115605 0.062806 0.129085
0 0.147365 0.115809 0.063113 0.126225
0 0.213542 0.116626 0.062500 0.129493
0 0.280484 0.119077 0.061581 0.124592
0 0.343444 0.114175 0.061275 0.128676
0 0.072917 0.362949 0.061275 0.128676
0 0.148591 0.362949 0.061275 0.128676
0 0.219975 0.362132 0.061275 0.128676
0 0.287377 0.365400 0.061275 0.128676
0 0.355392 0.364583 0.061275 0.128676
0 0.071078 0.606209 0.061275 0.150327
0 0.144914 0.611111 0.061275 0.150327
0 0.219669 0.608252 0.061275 0.150327
0 0.284926 0.619077 0.060662 0.131944
0 0.349571 0.616217 0.060662 0.131944
0 0.074755 0.855801 0.063725 0.147876
0 0.146140 0.856209 0.063725 0.147876
0 0.211550 0.865400 0.063419 0.134395
0 0.278339 0.864175 0.060355 0.133578
0 0.345741 0.863358 0.060355 0.133578
0 0.480852 0.111111 0.057904 0.140523
0 0.547947 0.108252 0.057904 0.140523
0 0.478401 0.364992 0.057904 0.129493
0 0.544271 0.367443 0.057904 0.129493
0 0.479933 0.612541 0.057904 0.129493
0 0.547335 0.610907 0.057904 0.129493
0 0.473805 0.858456 0.057904 0.129493
0 0.541820 0.858864 0.057904 0.129493
0 0.673407 0.112337 0.053922 0.144608
0 0.738511 0.114583 0.049326 0.138480
0 0.799020 0.120507 0.053922 0.120098
0 0.866422 0.120915 0.053922 0.120098
0 0.941023 0.118873 0.054228 0.116013
0 0.667892 0.361724 0.057598 0.124592
0 0.734528 0.369077 0.058517 0.125408
0 0.801777 0.357435 0.052083 0.136438
0 0.863511 0.365400 0.057904 0.122958
0 0.930607 0.358252 0.059130 0.127451
0 0.671722 0.611520 0.059130 0.127451
0 0.734222 0.612745 0.059130 0.127451
0 0.797947 0.611928 0.059130 0.127451
0 0.864430 0.611111 0.059130 0.127451
0 0.931219 0.612541 0.059743 0.127042
0 0.672641 0.858252 0.059130 0.127451
0 0.736673 0.856209 0.059130 0.127451
0 0.802237 0.854167 0.059130 0.127451
0 0.865196 0.850286 0.057598 0.127859
0 0.930760 0.847426 0.057598 0.127859
