0 0.119673 0.101103 0.078418 0.151552
0 0.206614 0.110498 0.081146 0.158905
0 0.291510 0.118260 0.070235 0.152369
0 0.374020 0.126021 0.065462 0.149918
0 0.454995 0.133170 0.063757 0.147059
0 0.522332 0.138685 0.049096 0.145016
0 0.580464 0.144812 0.048756 0.145833
0 0.637402 0.147467 0.050801 0.144608
0 0.687180 0.152982 0.050801 0.136029
0 0.743948 0.155842 0.047733 0.145833
0 0.116434 0.379289 0.071940 0.146650
0 0.202523 0.386029 0.067508 0.142157
0 0.286396 0.387663 0.063416 0.138889
0 0.368053 0.392157 0.064439 0.134804
0 0.441186 0.392565 0.063416 0.131536
0 0.507671 0.385417 0.052506 0.149918
0 0.564610 0.387051 0.052506 0.149101
0 0.622230 0.388685 0.049778 0.145833
0 0.673372 0.392565 0.047051 0.142157
0 0.742414 0.395425 0.043300 0.145425
0 0.115922 0.652574 0.074327 0.152369
0 0.203034 0.650940 0.071940 0.142565
0 0.285544 0.649306 0.072622 0.148284
0 0.364303 0.645833 0.066485 0.141340
0 0.444426 0.644404 0.062393 0.140114
0 0.522673 0.647672 0.062734 0.140114
0 0.592226 0.646038 0.057961 0.134395
0 0.660075 0.641544 0.055234 0.130310
0 0.727242 0.646038 0.057279 0.134395
0 0.122912 0.896650 0.088305 0.141340
0 0.207978 0.894404 0.070917 0.143382
0 0.287760 0.906046 0.073645 0.120098
0 0.365667 0.906658 0.067167 0.130310
0 0.433856 0.895425 0.056256 0.154412
0 0.523184 0.892157 0.056256 0.156863
0 0.592397 0.891136 0.054211 0.154820
0 0.653597 0.886846 0.053188 0.147876
0 0.725026 0.881127 0.061712 0.147876
