0 0.060662 0.345180 0.118260 0.226307
0 0.179075 0.344975 0.109988 0.215278
0 0.289675 0.342933 0.097733 0.211193
0 0.400582 0.346405 0.100797 0.219771
0 0.515931 0.341299 0.091912 0.205474
0 0.627451 0.342933 0.096201 0.211193
0 0.727175 0.342525 0.088542 0.203023
0 0.836091 0.346201 0.089461 0.199755
0 0.932904 0.348448 0.096201 0.200163
0 0.077665 0.739379 0.116115 0.254902
0 0.196844 0.734477 0.114277 0.245098
0 0.305300 0.752042 0.099571 0.207516
0 0.411305 0.748570 0.097733 0.205474
0 0.506587 0.728962 0.081189 0.234069
0 0.629136 0.724469 0.074449 0.227533
0 0.724724 0.723856 0.073836 0.222222
0 0.813419 0.722222 0.070466 0.225490
0 0.921415 0.719975 0.086091 0.214461
