0 0.342105 0.210376 0.124788 0.217320
0 0.483234 0.230801 0.109083 0.187908
0 0.612903 0.237541 0.113752 0.194036
0 0.739601 0.240809 0.109932 0.194036
0 0.873302 0.244690 0.115874 0.188725
0 0.361630 0.539420 0.111205 0.186683
0 0.484295 0.546773 0.104414 0.189951
0 0.603778 0.563317 0.109083 0.169935
0 0.723684 0.565972 0.107810 0.171160
0 0.852080 0.567606 0.100594 0.170343
0 0.368633 0.838644 0.109083 0.170752
0 0.482173 0.842525 0.097623 0.174428
0 0.595713 0.857435 0.099745 0.157680
0 0.714983 0.853554 0.122666 0.171977
0 0.854202 0.861111 0.103141 0.185458
