0 0.191700 0.200263 0.072170 0.237511
0 0.266351 0.222174 0.064502 0.195443
0 0.337618 0.223050 0.064502 0.195443
0 0.410014 0.210780 0.073974 0.235758
0 0.485115 0.227870 0.067208 0.191060
0 0.566306 0.226994 0.067208 0.191060
0 0.633965 0.225679 0.062697 0.188431
0 0.701624 0.208151 0.060893 0.221735
0 0.775598 0.223488 0.057285 0.187555
0 0.846414 0.236635 0.057285 0.187555
0 0.181777 0.527169 0.072170 0.237511
0 0.258006 0.532428 0.068561 0.204207
0 0.331529 0.498685 0.065855 0.199825
0 0.411367 0.516652 0.064051 0.230500
0 0.484889 0.502629 0.064051 0.230500
0 0.552774 0.533304 0.064502 0.200701
0 0.620433 0.526293 0.064502 0.200701
0 0.771538 0.526293 0.064502 0.200701
0 0.842806 0.530675 0.064502 0.200701
0 0.175688 0.855390 0.071719 0.205083
0 0.256879 0.858019 0.071719 0.205083
0 0.340099 0.838300 0.057736 0.225241
0 0.408209 0.844873 0.062246 0.194566
0 0.475868 0.843996 0.059540 0.191060
0 0.547587 0.819018 0.057736 0.197195
0 0.620207 0.817704 0.058638 0.215600
0 0.693279 0.833479 0.055931 0.180543
0 0.763194 0.811131 0.066757 0.209465
0 0.833108 0.827344 0.064051 0.177038
