0 0.038603 0.119485 0.075368 0.184232
0 0.120711 0.130106 0.071078 0.153186
0 0.757966 0.161765 0.060049 0.140523
0 0.691023 0.154616 0.058517 0.141748
0 0.623315 0.154208 0.059743 0.142565
0 0.556373 0.154820 0.066176 0.142974
0 0.486673 0.155025 0.067708 0.142565
0 0.415135 0.151757 0.071078 0.153186
0 0.347426 0.145221 0.071078 0.153186
0 0.268995 0.141136 0.071078 0.153186
0 0.190870 0.135825 0.071078 0.153186
0 0.821998 0.162990 0.060049 0.140523
0 0.128064 0.413194 0.069853 0.134395
0 0.743719 0.417279 0.052390 0.126225
0 0.679688 0.416462 0.053002 0.127859
0 0.547641 0.413194 0.058517 0.127859
0 0.478554 0.413399 0.055760 0.120915
0 0.343903 0.413194 0.060355 0.131944
0 0.274357 0.414216 0.068321 0.132353
0 0.196691 0.410743 0.069853 0.134395
0 0.888634 0.150940 0.057292 0.155637
0 0.949295 0.155842 0.057292 0.155637
0 0.049020 0.400735 0.078431 0.168301
0 0.409773 0.402369 0.059130 0.156046
0 0.616268 0.405229 0.054228 0.145425
0 0.808364 0.419730 0.052390 0.126225
0 0.868719 0.403186 0.054228 0.145425
0 0.931219 0.402369 0.054228 0.145425
0 0.063113 0.653595 0.065564 0.152778
0 0.136489 0.662990 0.067708 0.129085
0 0.208946 0.662173 0.060049 0.126634
0 0.280331 0.648080 0.061275 0.148284
0 0.351716 0.660131 0.060049 0.126634
0 0.924939 0.648693 0.060049 0.126634
0 0.859681 0.646650 0.060049 0.126634
0 0.736826 0.648284 0.060049 0.126634
0 0.672794 0.651552 0.060049 0.126634
0 0.614583 0.651961 0.060049 0.126634
0 0.416513 0.649101 0.053615 0.155229
0 0.543658 0.648284 0.053615 0.155229
0 0.479933 0.649510 0.053615 0.155229
0 0.801011 0.641340 0.053615 0.155229
0 0.077972 0.924428 0.067708 0.124183
0 0.793658 0.876838 0.054841 0.118873
0 0.731158 0.878268 0.057292 0.125000
0 0.673866 0.884395 0.053002 0.124183
0 0.609069 0.888276 0.055147 0.127042
0 0.546415 0.890727 0.059130 0.124592
0 0.482843 0.891748 0.063725 0.124183
0 0.419271 0.897876 0.060355 0.120915
0 0.352788 0.902369 0.067708 0.124183
0 0.287531 0.904820 0.067708 0.124183
0 0.216452 0.913807 0.067708 0.124183
0 0.142923 0.915033 0.067708 0.124183
0 0.915594 0.871528 0.054841 0.118873
0 0.852788 0.875204 0.054841 0.118873
