0 0.055760 0.348196 0.074142 0.169339
0 0.130362 0.350701 0.067708 0.167335
0 0.205116 0.349950 0.064645 0.169840
0 0.280025 0.349198 0.063113 0.169339
0 0.354167 0.349198 0.063113 0.169339
0 0.426471 0.350701 0.063113 0.169339
0 0.502911 0.347695 0.067708 0.170341
0 0.578431 0.337174 0.070466 0.202405
0 0.653952 0.349198 0.067708 0.170341
0 0.730699 0.349449 0.069853 0.170842
0 0.804688 0.350701 0.068321 0.168337
0 0.879749 0.348697 0.068321 0.168337
0 0.952512 0.345691 0.061887 0.171343
0 0.066942 0.727956 0.062194 0.166333
0 0.134651 0.733968 0.062194 0.166333
0 0.214614 0.731964 0.062194 0.166333
0 0.284620 0.737976 0.065564 0.167335
0 0.356924 0.725701 0.063113 0.196894
0 0.430453 0.723697 0.063113 0.196894
0 0.507659 0.718687 0.064338 0.198898
0 0.580576 0.718687 0.060662 0.196894
0 0.648897 0.735471 0.060662 0.172345
0 0.728094 0.732214 0.064645 0.174850
0 0.800705 0.734719 0.064645 0.174850
0 0.871170 0.726703 0.064645 0.174850
0 0.944547 0.724449 0.070466 0.166333
