0 0.360369 0.057598 0.120229 0.114379
0 0.490458 0.062092 0.111959 0.119281
0 0.626272 0.068219 0.115140 0.122549
0 0.748410 0.075776 0.101145 0.113971
0 0.870229 0.084559 0.101781 0.116013
0 0.367366 0.283905 0.120229 0.119281
0 0.492048 0.285539 0.108779 0.113562
0 0.622774 0.291667 0.104326 0.112745
0 0.745547 0.294322 0.113232 0.111520
0 0.866730 0.295956 0.104962 0.112337
0 0.366412 0.505310 0.118321 0.135621
0 0.501590 0.512868 0.106234 0.118056
0 0.626908 0.512459 0.106234 0.114788
0 0.745547 0.517361 0.103053 0.115605
0 0.866730 0.517770 0.104962 0.108252
0 0.368957 0.717320 0.113232 0.131536
0 0.496183 0.716708 0.103053 0.132761
0 0.614186 0.721609 0.111323 0.113971
0 0.738868 0.719975 0.106234 0.112337
0 0.860687 0.720588 0.103053 0.116013
0 0.359733 0.929126 0.111323 0.127042
0 0.485051 0.928513 0.101145 0.125817
0 0.606234 0.931373 0.103053 0.116013
0 0.736323 0.922590 0.129135 0.124592
0 0.877863 0.919322 0.113232 0.131127
