0 0.067708 0.251225 0.056373 0.116013
0 0.136029 0.252042 0.071691 0.116830
0 0.285386 0.256740 0.057904 0.111520
0 0.344516 0.257149 0.057904 0.111520
0 0.407629 0.257149 0.057904 0.111520
0 0.823070 0.258783 0.057904 0.111520
0 0.759344 0.258783 0.057904 0.111520
0 0.693168 0.257966 0.057904 0.111520
0 0.632200 0.259191 0.057904 0.111520
0 0.568781 0.258374 0.057904 0.111520
0 0.059436 0.512459 0.071078 0.114788
0 0.137868 0.513685 0.061887 0.113154
0 0.220282 0.510417 0.071078 0.114788
0 0.571078 0.520629 0.061887 0.113154
0 0.836397 0.516544 0.061887 0.113154
0 0.771140 0.516953 0.061887 0.113154
0 0.705882 0.515727 0.061887 0.113154
0 0.635723 0.517361 0.061887 0.113154
0 0.074295 0.773897 0.057904 0.114788
0 0.212163 0.774306 0.057904 0.114788
0 0.144455 0.774306 0.057904 0.114788
0 0.288603 0.764297 0.058211 0.133987
0 0.351716 0.765523 0.058211 0.133987
0 0.413756 0.778799 0.057904 0.114788
0 0.713082 0.778799 0.057904 0.114788
0 0.654871 0.779616 0.057904 0.114788
0 0.594210 0.777574 0.057904 0.114788
0 0.533854 0.776757 0.057904 0.114788
0 0.472886 0.777165 0.057904 0.114788
0 0.777114 0.770016 0.061581 0.136438
0 0.840227 0.765931 0.061581 0.136438
