0 0.204748 0.171466 0.057369 0.196335
0 0.263765 0.182264 0.058028 0.174738
0 0.324102 0.156741 0.058028 0.174738
0 0.387570 0.171466 0.055720 0.198953
0 0.447412 0.164921 0.052094 0.195026
0 0.501154 0.186191 0.053412 0.166885
0 0.558688 0.182919 0.057699 0.165576
0 0.682987 0.183573 0.057699 0.165576
0 0.741840 0.189791 0.053412 0.167539
0 0.202275 0.437173 0.056380 0.159686
0 0.269205 0.444372 0.056380 0.159686
0 0.333004 0.430955 0.047478 0.183901
0 0.385757 0.437827 0.049456 0.158377
0 0.442136 0.437827 0.049456 0.158377
0 0.499670 0.425393 0.053742 0.170157
0 0.557864 0.418848 0.052094 0.179319
0 0.617376 0.436191 0.050445 0.151178
0 0.674415 0.423429 0.053742 0.181937
0 0.732608 0.433901 0.050115 0.153141
0 0.209693 0.698953 0.052753 0.151832
0 0.277613 0.686518 0.052753 0.151832
0 0.335147 0.683573 0.050445 0.148560
0 0.395153 0.683246 0.048467 0.142670
0 0.446917 0.681937 0.048467 0.142670
0 0.506429 0.667539 0.065941 0.195026
0 0.566106 0.681610 0.051434 0.157723
0 0.623475 0.682919 0.051434 0.157723
0 0.679855 0.660013 0.051434 0.157723
0 0.734421 0.659031 0.054402 0.170157
0 0.205077 0.912631 0.055391 0.168194
0 0.268216 0.924411 0.056380 0.151178
0 0.324761 0.926374 0.050775 0.147251
0 0.381470 0.915903 0.050775 0.147251
0 0.560996 0.903796 0.051105 0.166230
0 0.674909 0.920157 0.051434 0.159686
0 0.731784 0.920812 0.049786 0.158377
