0 0.135718 0.870302 0.113572 0.120507
0 0.762635 0.854779 0.096536 0.118873
0 0.635718 0.860498 0.105054 0.116422
0 0.520159 0.861724 0.113572 0.120507
0 0.401476 0.867443 0.113572 0.120507
0 0.269733 0.868668 0.113572 0.120507
0 0.875071 0.855188 0.096536 0.118873
0 0.881885 0.614992 0.110165 0.127859
0 0.265190 0.612949 0.110165 0.127859
0 0.397501 0.610907 0.110165 0.127859
0 0.519023 0.613766 0.110165 0.127859
0 0.637706 0.613766 0.110165 0.127859
0 0.768881 0.615400 0.110165 0.127859
0 0.134015 0.621324 0.098807 0.146242
0 0.137990 0.365809 0.110165 0.127859
0 0.889835 0.381944 0.105622 0.150327
0 0.636002 0.371119 0.110165 0.127859
0 0.518455 0.369894 0.110165 0.127859
0 0.392391 0.369077 0.110165 0.127859
0 0.264622 0.366217 0.110165 0.127859
0 0.149631 0.121119 0.094832 0.158088
0 0.263487 0.113358 0.110165 0.133578
0 0.262351 0.112541 0.110165 0.133578
0 0.895230 0.125408 0.105054 0.118464
0 0.773140 0.121528 0.102783 0.123775
0 0.650767 0.121119 0.105622 0.122141
0 0.528393 0.118873 0.099375 0.126634
0 0.396366 0.120302 0.110165 0.133578
