0 0.319632 0.125419 0.136290 0.192437
0 0.464305 0.133796 0.130341 0.187171
0 0.604922 0.137386 0.123851 0.192437
0 0.748783 0.145045 0.121687 0.190522
0 0.882098 0.155816 0.100595 0.188128
0 0.337480 0.471996 0.127637 0.176161
0 0.472147 0.474868 0.128718 0.175203
0 0.609248 0.478937 0.113034 0.170895
0 0.742023 0.482767 0.115738 0.171853
0 0.871011 0.483964 0.110871 0.169459
0 0.347485 0.786261 0.120606 0.180469
0 0.489454 0.794639 0.107085 0.159885
0 0.616279 0.798468 0.113034 0.160843
0 0.739589 0.801101 0.113034 0.164193
0 0.865603 0.803734 0.111952 0.157013
