0 0.142857 0.073529 0.113830 0.131536
0 0.270632 0.080474 0.125783 0.137255
0 0.403813 0.085376 0.110985 0.122549
0 0.529027 0.085376 0.107570 0.120098
0 0.645987 0.092320 0.102447 0.113562
0 0.765225 0.100899 0.104155 0.111928
0 0.885316 0.108252 0.107570 0.120098
0 0.153102 0.324755 0.089926 0.145425
0 0.260956 0.318832 0.107570 0.128676
0 0.392430 0.320057 0.107570 0.128676
0 0.878486 0.323734 0.107570 0.128676
0 0.757826 0.324959 0.107570 0.128676
0 0.641150 0.324551 0.107570 0.128676
0 0.517075 0.326593 0.107570 0.128676
0 0.134320 0.556781 0.116107 0.129085
0 0.263517 0.555147 0.116107 0.129085
0 0.393284 0.560866 0.116107 0.129085
0 0.878486 0.579657 0.106431 0.141340
0 0.626921 0.560458 0.110985 0.125000
0 0.517075 0.561683 0.106431 0.126634
0 0.124360 0.821691 0.098463 0.152369
0 0.250142 0.811683 0.117814 0.136438
0 0.879909 0.809845 0.112692 0.129493
0 0.759533 0.810049 0.116676 0.131536
0 0.634320 0.810458 0.117814 0.136438
0 0.511952 0.810458 0.117814 0.136438
0 0.387877 0.813317 0.117814 0.136438
