0 0.166207 0.144812 0.076287 0.180964
0 0.263174 0.153595 0.077819 0.183007
0 0.358303 0.161356 0.072610 0.178922
0 0.450674 0.170752 0.077206 0.179739
0 0.538450 0.177900 0.073836 0.176879
0 0.630821 0.185662 0.072917 0.174428
0 0.720282 0.187704 0.072917 0.167892
0 0.804994 0.195057 0.076900 0.162173
0 0.145527 0.490400 0.087623 0.196487
0 0.243260 0.489175 0.084559 0.194036
0 0.344669 0.489175 0.080270 0.187500
0 0.440411 0.494690 0.081189 0.191993
0 0.534620 0.497141 0.077819 0.185458
0 0.613051 0.496936 0.058824 0.192402
0 0.681219 0.496936 0.062806 0.189951
0 0.750306 0.497549 0.063725 0.186275
0 0.810355 0.502451 0.066176 0.181373
0 0.881281 0.501838 0.057292 0.184232
0 0.129442 0.856413 0.083640 0.186683
0 0.231158 0.855188 0.078738 0.190768
0 0.337163 0.849673 0.081801 0.186275
0 0.432751 0.844771 0.081189 0.181373
0 0.523438 0.844158 0.078738 0.180147
0 0.600950 0.826593 0.066483 0.202206
0 0.672947 0.824755 0.062806 0.198529
0 0.742494 0.829861 0.067708 0.199755
0 0.811734 0.822712 0.060355 0.194444
0 0.889859 0.828023 0.053002 0.191993
