0 0.115349 0.222024 0.056066 0.123941
0 0.235141 0.223362 0.056679 0.120374
0 0.174479 0.221132 0.056066 0.123941
0 0.330116 0.224699 0.056679 0.120374
0 0.456036 0.223807 0.056679 0.120374
0 0.395987 0.229157 0.056679 0.120374
0 0.682138 0.220241 0.056679 0.120374
0 0.609222 0.220687 0.056679 0.120374
0 0.543045 0.222916 0.056679 0.120374
0 0.760570 0.217789 0.062806 0.127954
0 0.826134 0.216897 0.061581 0.125279
0 0.895680 0.215337 0.059743 0.123049
0 0.113817 0.511369 0.056066 0.123941
0 0.178156 0.512260 0.068934 0.125724
0 0.325827 0.516050 0.055453 0.124387
0 0.447763 0.515158 0.055453 0.124387
0 0.386489 0.514267 0.055453 0.124387
0 0.614430 0.517387 0.055453 0.124387
0 0.876379 0.514490 0.059130 0.123941
0 0.809130 0.515604 0.058211 0.126170
0 0.741268 0.516942 0.055453 0.124387
0 0.675705 0.518279 0.055453 0.124387
0 0.102941 0.796032 0.065564 0.127954
0 0.177083 0.800936 0.059436 0.125279
0 0.260110 0.798484 0.071078 0.126616
0 0.614277 0.811636 0.059436 0.125279
0 0.893689 0.807624 0.059436 0.125279
0 0.824449 0.804949 0.059436 0.125279
0 0.756740 0.804949 0.059436 0.125279
0 0.682904 0.805395 0.059436 0.125279
