0 0.105086 0.279298 0.075980 0.161879
0 0.108150 0.560648 0.075980 0.161879
0 0.176011 0.843137 0.068321 0.149567
0 0.376685 0.836753 0.068321 0.149567
0 0.314798 0.839033 0.068321 0.149567
0 0.244332 0.844505 0.068321 0.149567
0 0.381281 0.567715 0.068321 0.149567
0 0.309743 0.297538 0.060662 0.140903
0 0.247243 0.295714 0.060662 0.140903
0 0.174939 0.295714 0.060662 0.140903
0 0.500766 0.300274 0.054841 0.130871
0 0.854013 0.311674 0.054841 0.130871
0 0.797028 0.306202 0.054841 0.130871
0 0.734528 0.304378 0.054841 0.130871
0 0.558058 0.301186 0.054841 0.130871
0 0.497396 0.565663 0.054841 0.130871
0 0.903952 0.561560 0.054841 0.130871
0 0.849112 0.561560 0.054841 0.130871
0 0.790288 0.561560 0.054841 0.130871
0 0.665901 0.561560 0.054841 0.130871
0 0.562347 0.561104 0.054841 0.130871
0 0.495711 0.831053 0.054534 0.140903
0 0.909926 0.816005 0.054534 0.140903
0 0.794424 0.818285 0.054534 0.140903
0 0.735294 0.820565 0.054534 0.140903
0 0.674326 0.821933 0.054534 0.140903
0 0.108456 0.840629 0.061887 0.174647
