0 0.161309 0.088848 0.102181 0.142565
0 0.288749 0.079044 0.107922 0.124592
0 0.887199 0.109069 0.100459 0.129085
0 0.774397 0.099673 0.099885 0.120915
0 0.654707 0.096201 0.099311 0.117239
0 0.542767 0.093546 0.100459 0.122549
0 0.423364 0.092320 0.102755 0.125000
0 0.146383 0.305147 0.113662 0.131536
0 0.277268 0.308824 0.119403 0.127451
0 0.651263 0.318423 0.100459 0.120507
0 0.535304 0.317198 0.106200 0.125408
0 0.404707 0.311683 0.119403 0.127451
0 0.768370 0.321283 0.100459 0.120507
0 0.887773 0.333946 0.100459 0.120507
0 0.149828 0.553922 0.091848 0.144608
0 0.264925 0.543709 0.113088 0.129902
0 0.890069 0.551879 0.113088 0.129902
0 0.758611 0.552288 0.113088 0.129902
0 0.638634 0.549020 0.113088 0.129902
0 0.516361 0.549428 0.113088 0.129902
0 0.390643 0.548203 0.113088 0.129902
0 0.126579 0.796977 0.119977 0.141340
0 0.900402 0.816789 0.115385 0.155637
0 0.635763 0.796977 0.113088 0.135621
0 0.513490 0.797590 0.118829 0.131944
0 0.391791 0.796977 0.119977 0.141340
0 0.254018 0.795343 0.119977 0.141340
