0 0.193015 0.145016 0.055760 0.108660
0 0.431066 0.159314 0.055760 0.108660
0 0.372243 0.155229 0.055760 0.108660
0 0.313266 0.154003 0.051777 0.107026
0 0.252451 0.146242 0.055760 0.108660
0 0.494179 0.162173 0.055760 0.108660
0 0.878676 0.170956 0.053922 0.098448
0 0.818627 0.169935 0.049632 0.102941
0 0.762561 0.168913 0.049632 0.103350
0 0.707108 0.167892 0.045956 0.101307
0 0.652574 0.164624 0.047181 0.106209
0 0.596201 0.163603 0.049020 0.105801
0 0.175858 0.399101 0.055760 0.108660
0 0.241115 0.399510 0.055760 0.108660
0 0.305147 0.403186 0.055760 0.108660
0 0.384191 0.405229 0.055760 0.108660
0 0.443015 0.408088 0.055760 0.108660
0 0.502145 0.408497 0.055760 0.108660
0 0.579963 0.406250 0.063725 0.108252
0 0.642923 0.406454 0.051164 0.107843
0 0.700827 0.409109 0.050551 0.104984
0 0.775582 0.408292 0.053002 0.107435
0 0.834865 0.412173 0.052083 0.106209
0 0.892770 0.416667 0.055760 0.108660
0 0.172794 0.656454 0.055760 0.108660
0 0.423560 0.648897 0.054841 0.131127
0 0.361213 0.655229 0.055760 0.108660
0 0.297488 0.656454 0.055760 0.108660
0 0.234681 0.656046 0.055760 0.108660
0 0.674632 0.657680 0.051471 0.107026
0 0.619638 0.658292 0.051777 0.106618
0 0.560049 0.661765 0.053309 0.113562
0 0.504136 0.650123 0.054841 0.131127
0 0.728860 0.660131 0.051471 0.107026
0 0.785233 0.657271 0.051471 0.107026
0 0.842984 0.648284 0.057292 0.132353
0 0.903646 0.639910 0.055453 0.136029
0 0.175092 0.913194 0.056679 0.114788
0 0.239737 0.905025 0.056679 0.136029
0 0.301317 0.910335 0.056679 0.114788
0 0.364737 0.910743 0.056679 0.114788
0 0.440564 0.909926 0.052083 0.112337
0 0.500000 0.899101 0.053309 0.129902
0 0.556219 0.897672 0.053002 0.130310
0 0.612898 0.904820 0.053615 0.104575
0 0.672028 0.905025 0.051164 0.107435
0 0.730545 0.895016 0.050551 0.131536
0 0.783241 0.890727 0.049939 0.125408
0 0.839767 0.902574 0.050245 0.102533
0 0.896293 0.903186 0.051777 0.106209
