0 0.362868 0.197712 0.119151 0.176471
0 0.489168 0.203840 0.110052 0.178105
0 0.615251 0.205678 0.103986 0.174428
0 0.744584 0.208333 0.105286 0.175654
0 0.870451 0.210989 0.103986 0.174428
0 0.372184 0.525531 0.112652 0.167892
0 0.494151 0.525735 0.107886 0.163399
0 0.615035 0.526348 0.101820 0.162173
0 0.731802 0.530025 0.100520 0.165441
0 0.851820 0.529412 0.103986 0.166667
0 0.378250 0.823121 0.103120 0.169118
0 0.502816 0.832108 0.099220 0.157680
0 0.617634 0.836397 0.104419 0.164624
0 0.731153 0.844567 0.108752 0.167892
0 0.851603 0.852533 0.111352 0.165850
