0 0.103248 0.361315 0.053309 0.108252
0 0.222733 0.364175 0.053309 0.108252
0 0.162377 0.361724 0.053309 0.108252
0 0.310662 0.366626 0.053309 0.108252
0 0.433517 0.369485 0.051471 0.106618
0 0.373928 0.368056 0.053002 0.105392
0 0.647365 0.368668 0.051471 0.106618
0 0.579657 0.367851 0.051471 0.106618
0 0.518382 0.369077 0.051471 0.106618
0 0.721967 0.367647 0.061581 0.106209
0 0.785692 0.371119 0.056679 0.108252
0 0.849877 0.369485 0.051471 0.106618
0 0.096967 0.622345 0.052390 0.113154
0 0.157475 0.619690 0.063725 0.114379
0 0.304534 0.623162 0.054534 0.113971
0 0.366728 0.624387 0.054534 0.113971
0 0.423407 0.623570 0.054534 0.113971
0 0.584865 0.630515 0.054534 0.113971
0 0.832108 0.630923 0.054534 0.113971
0 0.770833 0.629289 0.054534 0.113971
0 0.706495 0.628064 0.054534 0.113971
0 0.643995 0.628472 0.054534 0.113971
0 0.077512 0.876225 0.060049 0.111928
0 0.154718 0.877451 0.060049 0.111928
0 0.234222 0.873979 0.062806 0.109069
0 0.585784 0.888276 0.058211 0.104984
0 0.853094 0.889502 0.057292 0.115605
0 0.787837 0.889093 0.054228 0.116422
0 0.726869 0.889910 0.057904 0.117239
0 0.651654 0.888480 0.057598 0.116013
