0 0.109375 0.116626 0.075368 0.146650
0 0.791054 0.141953 0.060662 0.133578
0 0.727635 0.137663 0.052696 0.130719
0 0.659161 0.123979 0.052390 0.121324
0 0.599265 0.127655 0.054534 0.127042
0 0.530331 0.123979 0.056985 0.149918
0 0.463542 0.120302 0.062500 0.138480
0 0.396752 0.114788 0.063725 0.142974
0 0.323989 0.115605 0.071998 0.144608
0 0.255362 0.115196 0.065257 0.143791
0 0.183517 0.114175 0.075368 0.146650
0 0.861520 0.139297 0.050245 0.165033
0 0.915288 0.159518 0.051777 0.129493
0 0.081648 0.641544 0.067708 0.171977
0 0.163297 0.397263 0.069853 0.140114
0 0.507047 0.409518 0.069853 0.140114
0 0.439338 0.404616 0.069853 0.140114
0 0.374387 0.403391 0.069853 0.140114
0 0.307292 0.401757 0.069853 0.140114
0 0.229779 0.400940 0.069853 0.140114
0 0.572610 0.396855 0.048407 0.160539
0 0.634191 0.399306 0.048407 0.160539
0 0.703278 0.409926 0.053615 0.127859
0 0.888327 0.414828 0.053615 0.127859
0 0.823989 0.411969 0.053615 0.127859
0 0.763634 0.412786 0.053615 0.127859
0 0.956495 0.405229 0.055760 0.152778
0 0.087469 0.384600 0.067708 0.171977
0 0.156863 0.652574 0.069853 0.140114
0 0.824449 0.651961 0.058211 0.125000
0 0.762102 0.650940 0.060355 0.120507
0 0.699908 0.653391 0.058517 0.128676
0 0.636029 0.649101 0.057598 0.128268
0 0.570466 0.653186 0.060662 0.125000
0 0.505668 0.655025 0.061581 0.143382
0 0.435509 0.653799 0.060968 0.136846
0 0.372243 0.653799 0.069853 0.140114
0 0.302696 0.653799 0.069853 0.140114
0 0.224265 0.655433 0.069853 0.140114
0 0.888787 0.644812 0.056985 0.149918
0 0.946078 0.647263 0.056985 0.149918
0 0.070925 0.914011 0.067708 0.171977
0 0.150429 0.922181 0.069853 0.140114
0 0.359375 0.916871 0.069853 0.140114
0 0.290135 0.921364 0.069853 0.140114
0 0.219056 0.922181 0.069853 0.140114
0 0.429075 0.899510 0.056066 0.138072
0 0.634651 0.894199 0.056066 0.138072
0 0.566942 0.910131 0.056066 0.138072
0 0.494945 0.909314 0.056066 0.138072
0 0.699142 0.901348 0.050245 0.127042
0 0.821078 0.900531 0.050245 0.127042
0 0.761642 0.902982 0.050245 0.127042
0 0.881434 0.886234 0.058211 0.150735
0 0.948836 0.884600 0.058211 0.150735
