0 0.116422 0.220997 0.061275 0.112745
0 0.179534 0.223448 0.061275 0.112745
0 0.245711 0.222631 0.061275 0.112745
0 0.340227 0.224877 0.057904 0.113971
0 0.403339 0.227737 0.057904 0.113971
0 0.470435 0.232230 0.057904 0.113971
0 0.553309 0.241830 0.055760 0.108660
0 0.617341 0.239788 0.055760 0.108660
0 0.680760 0.243464 0.055760 0.108660
0 0.762868 0.244690 0.055760 0.108660
0 0.821998 0.245915 0.055760 0.108660
0 0.884804 0.243464 0.055760 0.108660
0 0.119638 0.495915 0.056679 0.110294
0 0.186887 0.496528 0.060049 0.109886
0 0.454197 0.508374 0.064645 0.120507
0 0.380055 0.503268 0.056679 0.110294
0 0.321538 0.500817 0.056679 0.110294
0 0.251991 0.499592 0.056679 0.110294
0 0.565257 0.507557 0.056373 0.115605
0 0.876991 0.512051 0.050551 0.111520
0 0.808517 0.511234 0.056373 0.115605
0 0.750613 0.511642 0.056373 0.115605
0 0.688725 0.508783 0.056373 0.115605
0 0.630208 0.507966 0.056373 0.115605
0 0.102022 0.780842 0.060662 0.125408
0 0.174479 0.781250 0.057904 0.120507
0 0.467831 0.783292 0.054534 0.122958
0 0.399203 0.781863 0.058824 0.120915
0 0.330882 0.783497 0.058211 0.120098
0 0.243873 0.781250 0.060662 0.125408
0 0.553156 0.776348 0.065870 0.121324
0 0.619485 0.779208 0.053922 0.118873
0 0.686581 0.777369 0.055760 0.119281
0 0.769455 0.775123 0.055453 0.117239
0 0.834712 0.776348 0.054228 0.114788
0 0.899203 0.777369 0.050245 0.116830
