0 0.043322 0.175033 0.074919 0.143989
0 0.343974 0.171951 0.074919 0.143989
0 0.191857 0.176794 0.074919 0.143989
0 0.115309 0.178115 0.074919 0.143989
0 0.848860 0.161603 0.084039 0.160282
0 0.761401 0.165566 0.078502 0.156759
0 0.676873 0.167768 0.074919 0.152356
0 0.590554 0.164025 0.074919 0.143989
0 0.509446 0.166667 0.074919 0.143989
0 0.057329 0.501761 0.063192 0.149273
0 0.276384 0.506605 0.068078 0.149273
0 0.201303 0.507045 0.065147 0.145751
0 0.127036 0.500000 0.063192 0.149273
0 0.589577 0.514971 0.076873 0.145751
0 0.510749 0.515192 0.074919 0.150594
0 0.431270 0.512550 0.074267 0.149714
0 0.351466 0.509247 0.069055 0.150154
0 0.843648 0.522897 0.076873 0.145751
0 0.753420 0.519815 0.076873 0.145751
0 0.671336 0.521136 0.076873 0.145751
0 0.061726 0.824086 0.062215 0.153677
0 0.846417 0.875826 0.079153 0.143549
0 0.763518 0.867679 0.072313 0.153677
0 0.517427 0.851387 0.062215 0.153677
0 0.435342 0.852268 0.062215 0.153677
0 0.362378 0.838617 0.062215 0.153677
0 0.208306 0.832012 0.062215 0.153677
0 0.678339 0.857111 0.077199 0.191546
0 0.138599 0.819683 0.077199 0.191546
0 0.287785 0.828930 0.077199 0.191546
0 0.599186 0.850066 0.077199 0.191546
