0 0.078431 0.165237 0.061275 0.127042
0 0.149357 0.168709 0.062194 0.124183
0 0.218290 0.169118 0.062194 0.124183
0 0.285692 0.170343 0.059130 0.124183
0 0.348805 0.168505 0.060355 0.127042
0 0.077819 0.414828 0.064338 0.131127
0 0.155025 0.415237 0.064338 0.131127
0 0.222426 0.415237 0.064338 0.131127
0 0.291973 0.415645 0.064338 0.131127
0 0.358762 0.412582 0.061887 0.129085
0 0.073529 0.658088 0.066176 0.147876
0 0.150735 0.658497 0.066176 0.147876
0 0.223039 0.656454 0.066176 0.147876
0 0.290594 0.666871 0.061581 0.131944
0 0.357077 0.666054 0.061581 0.131944
0 0.079197 0.906046 0.062806 0.147059
0 0.148744 0.907271 0.062806 0.147059
0 0.215380 0.916258 0.063725 0.136438
0 0.283395 0.914624 0.063725 0.136438
0 0.350184 0.916054 0.062500 0.133578
0 0.482996 0.158701 0.057292 0.140114
0 0.549479 0.162377 0.057292 0.140114
0 0.482996 0.416871 0.057292 0.129493
0 0.549479 0.418096 0.057292 0.129493
0 0.485141 0.661152 0.057292 0.129493
0 0.552083 0.658701 0.059436 0.131127
0 0.479473 0.910743 0.059436 0.131127
0 0.545037 0.906658 0.059436 0.131127
0 0.674326 0.906658 0.059436 0.131127
0 0.741728 0.905842 0.059436 0.131127
0 0.806373 0.899306 0.059436 0.131127
0 0.865349 0.897876 0.059130 0.125817
0 0.930147 0.894812 0.059436 0.131127
0 0.675551 0.660743 0.059436 0.131127
0 0.933211 0.660743 0.060662 0.127042
0 0.866422 0.660335 0.059436 0.131127
0 0.800551 0.662786 0.059436 0.131127
0 0.736213 0.659518 0.059436 0.131127
0 0.670803 0.415645 0.060355 0.127042
0 0.737439 0.418505 0.061275 0.123775
0 0.803768 0.406454 0.054841 0.145425
0 0.861213 0.415645 0.061275 0.123775
0 0.929994 0.410335 0.063419 0.131127
0 0.678309 0.162377 0.058824 0.143382
0 0.739737 0.166871 0.050551 0.136846
0 0.799939 0.174224 0.057598 0.124592
0 0.866115 0.175858 0.057598 0.124592
0 0.936887 0.168096 0.057598 0.124592
