0 0.131656 0.123775 0.052924 0.099673
0 0.193238 0.122753 0.049984 0.099265
0 0.250082 0.125204 0.049984 0.099265
0 0.310193 0.123162 0.049984 0.099265
0 0.366057 0.124796 0.049984 0.099265
0 0.132636 0.325572 0.054231 0.104575
0 0.198138 0.325368 0.053904 0.104984
0 0.257922 0.324551 0.051290 0.103350
0 0.317380 0.324959 0.051290 0.103350
0 0.375858 0.326185 0.051290 0.103350
0 0.132310 0.525123 0.056844 0.127042
0 0.196341 0.525735 0.052270 0.124183
0 0.259392 0.522467 0.052270 0.124183
0 0.315746 0.532067 0.051944 0.109886
0 0.371611 0.529208 0.051944 0.109886
0 0.136720 0.723856 0.055211 0.122549
0 0.196014 0.724673 0.052924 0.123366
0 0.255145 0.731209 0.052924 0.108660
0 0.310029 0.729575 0.052924 0.108660
0 0.368017 0.729371 0.053251 0.107435
0 0.137210 0.929739 0.052270 0.129902
0 0.194544 0.927696 0.052597 0.127451
0 0.248938 0.932802 0.051617 0.113971
0 0.369160 0.927696 0.050964 0.107843
0 0.310029 0.931985 0.051617 0.113971
0 0.480399 0.118873 0.051290 0.116013
0 0.541000 0.118873 0.048350 0.120098
0 0.479745 0.326389 0.050637 0.107026
0 0.537243 0.328840 0.050637 0.107026
0 0.483012 0.524510 0.050637 0.107026
0 0.540510 0.523693 0.050637 0.107026
0 0.480725 0.729167 0.050637 0.107026
0 0.534629 0.727124 0.050637 0.107026
0 0.480072 0.927288 0.050637 0.107026
0 0.541163 0.928513 0.050637 0.107026
0 0.648481 0.122753 0.052270 0.117239
0 0.707285 0.123775 0.043777 0.115196
0 0.758249 0.126634 0.048350 0.098856
0 0.817707 0.127042 0.048350 0.098856
0 0.881411 0.126225 0.048350 0.098856
0 0.644561 0.325776 0.047697 0.104167
0 0.702875 0.328636 0.047370 0.102533
0 0.758739 0.320261 0.041490 0.112745
0 0.813296 0.325980 0.049330 0.102124
0 0.870794 0.321895 0.049330 0.102124
0 0.649298 0.528595 0.049330 0.102124
0 0.703528 0.527778 0.049330 0.102124
0 0.759392 0.527778 0.049330 0.102124
0 0.816237 0.523284 0.049330 0.102124
0 0.871774 0.524918 0.048677 0.100490
0 0.648644 0.723856 0.048677 0.100490
0 0.702875 0.723039 0.048677 0.100490
0 0.760372 0.722222 0.048677 0.100490
0 0.816237 0.715686 0.048677 0.100490
0 0.870304 0.712827 0.050310 0.102941
0 0.646847 0.925245 0.050310 0.102941
0 0.705325 0.924428 0.050310 0.102941
0 0.755145 0.917075 0.038223 0.116013
0 0.813623 0.922181 0.051944 0.101716
0 0.878308 0.921364 0.051944 0.101716
