0 0.162129 0.401136 0.074380 0.295455
0 0.245503 0.400000 0.074866 0.295455
0 0.315751 0.403977 0.060768 0.289773
0 0.396937 0.410795 0.060768 0.289773
0 0.473262 0.412500 0.070491 0.286364
0 0.707584 0.422159 0.069519 0.285227
0 0.551288 0.435227 0.069033 0.243182
0 0.625182 0.440909 0.069033 0.243182
0 0.776373 0.450568 0.059310 0.219318
0 0.849538 0.430114 0.071463 0.260227
0 0.157997 0.794886 0.074866 0.257955
0 0.249878 0.789205 0.072922 0.280682
0 0.398153 0.818182 0.070977 0.240909
0 0.473748 0.806818 0.063685 0.263636
0 0.556636 0.817614 0.067088 0.244318
0 0.624939 0.802841 0.052018 0.285227
0 0.700292 0.802273 0.063685 0.270455
0 0.771512 0.827841 0.063199 0.230682
0 0.853670 0.818750 0.064171 0.228409
