0 0.050245 0.113766 0.079657 0.167892
0 0.054534 0.394404 0.066176 0.167892
0 0.058824 0.669730 0.066176 0.167892
0 0.134651 0.130515 0.065257 0.139297
0 0.875306 0.166462 0.058824 0.133578
0 0.810202 0.159314 0.064645 0.127451
0 0.743719 0.160743 0.060355 0.129493
0 0.553768 0.153799 0.065257 0.139297
0 0.489430 0.152165 0.065257 0.139297
0 0.280178 0.143587 0.065257 0.139297
0 0.208180 0.137051 0.065257 0.139297
0 0.361060 0.403799 0.065870 0.141748
0 0.928309 0.406863 0.055760 0.118464
0 0.864277 0.409109 0.056373 0.129493
0 0.799632 0.411969 0.064338 0.125408
0 0.667586 0.407475 0.063725 0.126225
0 0.556679 0.410131 0.062500 0.131536
0 0.483456 0.407475 0.061275 0.130310
0 0.130974 0.673407 0.065870 0.141748
0 0.353094 0.671364 0.065870 0.141748
0 0.282322 0.671773 0.065870 0.141748
0 0.206955 0.672998 0.065870 0.141748
0 0.485600 0.668709 0.056985 0.138072
0 0.672181 0.662173 0.056985 0.138072
0 0.930760 0.661356 0.056985 0.138072
0 0.806679 0.660539 0.056985 0.138072
0 0.742341 0.658497 0.056985 0.138072
0 0.052696 0.930964 0.072917 0.121732
0 0.206955 0.918913 0.065870 0.149918
0 0.549020 0.918709 0.064338 0.137255
0 0.479013 0.925041 0.065870 0.149918
0 0.350950 0.925041 0.065870 0.149918
0 0.278186 0.918913 0.059436 0.145833
0 0.129289 0.932190 0.072917 0.121732
0 0.677390 0.910948 0.064338 0.137255
0 0.738971 0.898489 0.049020 0.144199
0 0.801164 0.904820 0.058211 0.127451
0 0.867647 0.898284 0.058211 0.127451
0 0.936581 0.899918 0.058211 0.127451
