0 0.122396 0.197304 0.059743 0.113562
0 0.189798 0.203840 0.053615 0.113562
0 0.254442 0.206495 0.057292 0.121324
0 0.312347 0.208333 0.048713 0.107026
0 0.370711 0.216912 0.046569 0.107026
0 0.430760 0.222018 0.045343 0.108252
0 0.490349 0.233660 0.048713 0.118464
0 0.551624 0.234069 0.053615 0.119281
0 0.607077 0.230392 0.048713 0.107026
0 0.661765 0.231005 0.052083 0.108252
0 0.726869 0.243668 0.046262 0.118056
0 0.778952 0.238154 0.048100 0.109477
0 0.833487 0.236315 0.053002 0.108252
0 0.890319 0.239583 0.047181 0.114788
0 0.944240 0.256332 0.053922 0.127859
0 0.088388 0.506332 0.051164 0.133578
0 0.149357 0.496936 0.055453 0.117239
0 0.210938 0.497958 0.051164 0.112745
0 0.273438 0.503676 0.053615 0.112745
0 0.337163 0.504698 0.055453 0.114788
0 0.400429 0.505719 0.056373 0.112745
0 0.459252 0.506332 0.054534 0.111520
0 0.516544 0.508987 0.051471 0.112745
0 0.577053 0.509804 0.053002 0.116013
0 0.637714 0.512459 0.048713 0.112337
0 0.694853 0.515727 0.049020 0.110703
0 0.750766 0.516748 0.048100 0.110294
0 0.809896 0.515114 0.055453 0.100490
0 0.872549 0.516953 0.058211 0.099265
0 0.932138 0.521242 0.053002 0.110294
0 0.087929 0.816993 0.058824 0.141340
0 0.160386 0.819853 0.057904 0.135621
0 0.228248 0.807190 0.056373 0.116830
0 0.292433 0.808211 0.055453 0.117239
0 0.355545 0.805556 0.055453 0.113562
0 0.417586 0.806168 0.052083 0.114788
0 0.479626 0.806577 0.058517 0.111520
0 0.542586 0.807802 0.052083 0.111520
0 0.602635 0.807190 0.059436 0.110294
0 0.662684 0.807802 0.052083 0.113971
0 0.722580 0.807598 0.059743 0.116013
0 0.784007 0.807802 0.056373 0.113971
0 0.844669 0.812704 0.058824 0.112337
0 0.902420 0.813317 0.048100 0.113562
0 0.978094 0.828227 0.043811 0.132761
