0 0.073989 0.261878 0.073223 0.196685
0 0.155790 0.262983 0.072610 0.196685
0 0.231464 0.266851 0.072610 0.196685
0 0.309896 0.252486 0.071998 0.236464
0 0.389246 0.252486 0.071998 0.236464
0 0.469822 0.247514 0.071998 0.236464
0 0.544577 0.251934 0.071998 0.236464
0 0.619332 0.265746 0.065870 0.198895
0 0.700521 0.262155 0.065870 0.201657
0 0.774969 0.261050 0.065870 0.201657
0 0.850643 0.257735 0.065870 0.201657
0 0.925858 0.256630 0.072917 0.199448
0 0.091912 0.667680 0.074755 0.217127
0 0.165288 0.678729 0.067708 0.201657
0 0.240962 0.672652 0.067708 0.201657
0 0.314491 0.695028 0.065870 0.191160
0 0.391697 0.700000 0.065870 0.191160
0 0.471661 0.701657 0.065870 0.191160
0 0.543505 0.694751 0.064951 0.176243
0 0.626225 0.685912 0.069240 0.183978
0 0.699755 0.687569 0.069240 0.183978
0 0.774816 0.685359 0.069240 0.183978
0 0.849571 0.680387 0.069240 0.183978
0 0.923713 0.675414 0.069240 0.183978
