0 0.083027 0.193423 0.065564 0.123775
0 0.153033 0.194853 0.060968 0.124183
0 0.216759 0.193423 0.057904 0.121324
0 0.282782 0.190155 0.055147 0.123775
0 0.347886 0.187704 0.054228 0.123775
0 0.083027 0.434028 0.065564 0.127859
0 0.158395 0.434028 0.061887 0.127859
0 0.223958 0.435253 0.061887 0.127859
0 0.291973 0.433211 0.061887 0.127859
0 0.357690 0.432190 0.057292 0.127451
0 0.084406 0.674632 0.068934 0.145833
0 0.156556 0.674428 0.058824 0.147059
0 0.227941 0.672998 0.060662 0.146650
0 0.292126 0.678513 0.060968 0.129085
0 0.356158 0.676879 0.060968 0.129085
0 0.087010 0.914624 0.058824 0.144608
0 0.158395 0.913807 0.058824 0.144608
0 0.222886 0.920547 0.060355 0.131944
0 0.288450 0.921773 0.060355 0.131944
0 0.353401 0.919730 0.060355 0.131944
0 0.478401 0.180760 0.059743 0.140114
0 0.543964 0.181577 0.056066 0.139297
0 0.477635 0.434436 0.052696 0.119690
0 0.541207 0.435662 0.056679 0.120507
0 0.482077 0.669322 0.057292 0.127859
0 0.547028 0.670547 0.057292 0.127859
0 0.476869 0.918096 0.057292 0.127859
0 0.541820 0.919322 0.057292 0.127859
0 0.670496 0.914216 0.057904 0.134804
0 0.733915 0.911969 0.053615 0.130310
0 0.798713 0.904208 0.060049 0.130310
0 0.859681 0.899306 0.060662 0.133578
0 0.922794 0.897263 0.060662 0.133578
0 0.926624 0.666054 0.060968 0.127859
0 0.858915 0.665237 0.060968 0.127859
0 0.795496 0.666871 0.060968 0.127859
0 0.730239 0.668096 0.060968 0.127859
0 0.669884 0.667279 0.060968 0.127859
0 0.665441 0.430147 0.061275 0.129085
0 0.729473 0.428513 0.061275 0.129085
0 0.794118 0.417075 0.052696 0.138889
0 0.853707 0.423407 0.057292 0.122141
0 0.921415 0.420343 0.059743 0.129085
0 0.927543 0.183415 0.059743 0.129085
0 0.857384 0.185866 0.058517 0.120098
0 0.789828 0.187296 0.058211 0.120507
0 0.731005 0.179739 0.047794 0.135621
0 0.666820 0.179739 0.063419 0.142157
