0 0.153787 0.144062 0.072700 0.189740
0 0.232334 0.162684 0.071174 0.149684
0 0.307575 0.163387 0.068124 0.146873
0 0.389171 0.151792 0.076767 0.177091
0 0.470005 0.169009 0.072700 0.152495
0 0.557956 0.167604 0.072700 0.152495
0 0.632435 0.164793 0.070158 0.141251
0 0.704372 0.147224 0.064565 0.167955
0 0.784698 0.165847 0.062532 0.146170
0 0.861464 0.170063 0.062532 0.146170
0 0.145907 0.394940 0.070158 0.179902
0 0.225470 0.400914 0.073716 0.151089
0 0.304016 0.378426 0.072191 0.162333
0 0.392222 0.388264 0.074733 0.177793
0 0.468226 0.377372 0.071174 0.184118
0 0.542196 0.398454 0.069649 0.150387
0 0.616421 0.395292 0.076767 0.159522
0 0.781139 0.395994 0.074733 0.155306
0 0.856380 0.399508 0.074733 0.155306
0 0.139298 0.641251 0.077275 0.152495
0 0.227504 0.641251 0.074733 0.148278
0 0.314184 0.627899 0.057956 0.167955
0 0.385867 0.635629 0.069141 0.146873
0 0.460600 0.639845 0.069141 0.146873
0 0.536858 0.621574 0.069141 0.146873
0 0.618963 0.614195 0.066599 0.165847
0 0.695475 0.633169 0.066090 0.147576
0 0.773259 0.615249 0.068124 0.176388
0 0.845704 0.630358 0.065582 0.146170
0 0.145399 0.887210 0.069141 0.137034
0 0.236909 0.871047 0.069141 0.137034
0 0.315963 0.872453 0.073716 0.153900
0 0.393747 0.868236 0.062532 0.151089
0 0.462888 0.866128 0.062532 0.151089
0 0.545501 0.850668 0.086426 0.182010
0 0.627351 0.860506 0.066090 0.146873
0 0.703610 0.861209 0.066090 0.146873
0 0.778597 0.844694 0.068632 0.163036
0 0.851042 0.840478 0.069141 0.168658
