0 0.085478 0.288426 0.070466 0.227802
0 0.160692 0.291794 0.064032 0.221066
0 0.226562 0.276179 0.059130 0.189835
0 0.291667 0.284752 0.058211 0.192284
0 0.353707 0.288426 0.055453 0.184936
0 0.414522 0.291794 0.056373 0.189222
0 0.479779 0.294856 0.058211 0.178200
0 0.539369 0.297612 0.049326 0.177587
0 0.599418 0.300980 0.055453 0.179424
0 0.658395 0.302511 0.047794 0.176363
0 0.716299 0.304654 0.048407 0.180649
0 0.774816 0.308328 0.047181 0.173301
0 0.833180 0.308941 0.051164 0.172076
0 0.890472 0.312615 0.046262 0.173301
0 0.963235 0.329761 0.039216 0.185548
0 0.054534 0.762707 0.044118 0.213717
0 0.134498 0.759951 0.047794 0.210655
0 0.198836 0.746479 0.056373 0.166565
0 0.265625 0.744948 0.060662 0.169626
0 0.329504 0.745560 0.054228 0.168402
0 0.391391 0.746785 0.055453 0.162278
0 0.450521 0.745560 0.049939 0.164727
0 0.507200 0.746173 0.050551 0.169626
0 0.568474 0.745560 0.053615 0.162278
0 0.632966 0.743417 0.058211 0.164115
0 0.691483 0.744948 0.052696 0.161053
0 0.747089 0.743417 0.049939 0.155542
0 0.803615 0.744029 0.049020 0.159216
0 0.859222 0.741886 0.056066 0.154930
0 0.925092 0.761788 0.064032 0.194734
