0 0.061887 0.229015 0.073529 0.199903
0 0.141085 0.242843 0.068321 0.172246
0 0.358456 0.250364 0.066176 0.163998
0 0.289522 0.247210 0.066789 0.165454
0 0.210631 0.243328 0.068321 0.172246
0 0.425858 0.235565 0.061275 0.188743
0 0.495864 0.250364 0.060355 0.157205
0 0.566636 0.250849 0.060355 0.157205
0 0.635263 0.237506 0.053615 0.194566
0 0.703891 0.251092 0.053615 0.151868
0 0.767310 0.253518 0.053615 0.151868
0 0.833180 0.253518 0.053615 0.151868
0 0.893536 0.236293 0.056066 0.180495
0 0.957874 0.234352 0.056066 0.180495
0 0.081036 0.538816 0.071998 0.184862
0 0.153339 0.549248 0.067096 0.153324
0 0.223805 0.549248 0.067096 0.153324
0 0.294424 0.531781 0.061275 0.176613
0 0.367494 0.545852 0.059130 0.153324
0 0.431679 0.533721 0.050858 0.177584
0 0.498162 0.532266 0.061275 0.176613
0 0.564645 0.532266 0.061275 0.176613
0 0.634038 0.538088 0.059130 0.153324
0 0.948989 0.533721 0.059130 0.153324
0 0.885876 0.540514 0.059130 0.153324
0 0.759038 0.537603 0.059130 0.153324
0 0.694700 0.538574 0.059130 0.153324
0 0.825061 0.526443 0.056373 0.171761
0 0.095435 0.859292 0.067096 0.153324
0 0.937653 0.805919 0.054841 0.135856
0 0.877451 0.810771 0.056373 0.141679
0 0.814798 0.814896 0.056679 0.147016
0 0.750460 0.819262 0.056066 0.147986
0 0.691023 0.821931 0.054841 0.153324
0 0.628370 0.823629 0.060662 0.149927
0 0.564645 0.827268 0.061275 0.152353
0 0.499234 0.830180 0.067096 0.153324
0 0.436428 0.836002 0.067096 0.153324
0 0.369332 0.840369 0.067096 0.153324
0 0.303156 0.838428 0.067096 0.153324
0 0.232690 0.850073 0.067096 0.153324
0 0.164369 0.850558 0.067096 0.153324
