0 0.054381 0.114583 0.062806 0.155637
0 0.131587 0.114992 0.062806 0.155637
0 0.207261 0.116626 0.062806 0.155637
0 0.276348 0.126838 0.059436 0.129493
0 0.342831 0.124796 0.059436 0.129493
0 0.064185 0.370711 0.061581 0.153186
0 0.135570 0.371119 0.061581 0.153186
0 0.203125 0.382966 0.061887 0.134395
0 0.269608 0.379698 0.061887 0.134395
0 0.338542 0.378881 0.061887 0.134395
0 0.073989 0.625204 0.060355 0.149918
0 0.136489 0.624387 0.060355 0.149918
0 0.199755 0.630515 0.058824 0.127859
0 0.272059 0.628881 0.058824 0.127859
0 0.339154 0.630106 0.058824 0.127859
0 0.075061 0.859273 0.064951 0.149918
0 0.143382 0.860907 0.058824 0.149101
0 0.208027 0.862132 0.063725 0.131944
0 0.278646 0.859681 0.063419 0.142565
0 0.349877 0.861520 0.064951 0.137255
0 0.472886 0.870711 0.059130 0.129493
0 0.543811 0.867851 0.058211 0.130310
0 0.543199 0.630515 0.058211 0.130310
0 0.470588 0.629698 0.058211 0.130310
0 0.468137 0.381740 0.058211 0.130310
0 0.537071 0.379698 0.058211 0.130310
0 0.544118 0.122753 0.058211 0.130310
0 0.474571 0.123162 0.058211 0.130310
0 0.672028 0.124183 0.060968 0.129085
0 0.737592 0.127859 0.060968 0.129085
0 0.803156 0.127042 0.060968 0.129085
0 0.869638 0.123775 0.060968 0.129085
0 0.937960 0.126634 0.060968 0.129085
0 0.669577 0.379493 0.060968 0.129085
0 0.928922 0.367443 0.057598 0.129493
0 0.866115 0.371324 0.055760 0.130719
0 0.803462 0.373775 0.060968 0.129085
0 0.736060 0.376225 0.060968 0.129085
0 0.666513 0.631127 0.060968 0.129085
0 0.731618 0.627859 0.058211 0.129085
0 0.792586 0.617034 0.052083 0.136029
0 0.860907 0.626021 0.059436 0.127859
0 0.928768 0.628881 0.059743 0.131127
0 0.668811 0.870915 0.058211 0.129085
0 0.731771 0.868260 0.059743 0.124592
0 0.795650 0.856209 0.053309 0.144608
0 0.864583 0.854167 0.058824 0.135621
0 0.934743 0.855801 0.058211 0.129085
