0 0.081036 0.214947 0.055453 0.125405
0 0.422794 0.214484 0.054534 0.121703
0 0.361979 0.218417 0.056679 0.118464
0 0.294271 0.216798 0.055453 0.125405
0 0.200521 0.214484 0.055453 0.125405
0 0.141391 0.213559 0.055453 0.125405
0 0.507659 0.215410 0.054534 0.121703
0 0.574142 0.210319 0.054534 0.121703
0 0.642770 0.210782 0.054534 0.121703
0 0.716452 0.206155 0.059743 0.125405
0 0.781403 0.207774 0.059743 0.124017
0 0.847426 0.202453 0.054534 0.121703
0 0.081955 0.514808 0.055453 0.125405
0 0.145833 0.513882 0.074755 0.127256
0 0.292739 0.514114 0.057904 0.130495
0 0.354933 0.515502 0.057904 0.130495
0 0.415288 0.514577 0.057904 0.130495
0 0.830423 0.510875 0.057904 0.130495
0 0.766391 0.512263 0.057904 0.130495
0 0.701440 0.512726 0.057904 0.130495
0 0.638940 0.514114 0.057904 0.130495
0 0.577972 0.515502 0.057904 0.130495
0 0.069853 0.808422 0.067402 0.126793
0 0.146293 0.807728 0.055453 0.125405
0 0.226103 0.808885 0.067402 0.121240
0 0.578278 0.808653 0.055453 0.125405
0 0.848192 0.799861 0.055453 0.125405
0 0.782782 0.802869 0.058211 0.130495
0 0.719210 0.803563 0.062806 0.133734
0 0.648131 0.806802 0.055453 0.125405
