0 0.100847 0.083538 0.123172 0.111520
0 0.233256 0.082925 0.112394 0.099673
0 0.753657 0.089461 0.120092 0.084150
0 0.635489 0.082925 0.107005 0.088235
0 0.516936 0.088848 0.110085 0.095997
0 0.381062 0.086806 0.115473 0.101716
0 0.875674 0.088848 0.117783 0.104984
0 0.105851 0.257149 0.116243 0.095997
0 0.380293 0.258170 0.109315 0.093137
0 0.236721 0.262051 0.117783 0.100082
0 0.509623 0.262663 0.117013 0.097222
0 0.882217 0.268587 0.112394 0.092729
0 0.759815 0.263685 0.107775 0.093546
0 0.629715 0.264297 0.109315 0.093954
0 0.118938 0.451389 0.094688 0.115196
0 0.238645 0.444649 0.110855 0.104167
0 0.625481 0.442810 0.114704 0.099673
0 0.505774 0.443015 0.110855 0.104167
0 0.366436 0.447100 0.110855 0.104167
0 0.887221 0.439542 0.114704 0.099673
0 0.754042 0.439951 0.114704 0.099673
0 0.102386 0.633170 0.124711 0.101307
0 0.237490 0.633578 0.116243 0.099673
0 0.375289 0.632761 0.116243 0.099673
0 0.900308 0.640931 0.117783 0.120098
0 0.633949 0.633170 0.116243 0.099673
0 0.508468 0.632353 0.116243 0.099673
0 0.099307 0.842525 0.117013 0.124592
0 0.240955 0.832925 0.135489 0.109477
0 0.914165 0.828840 0.123941 0.104575
0 0.783295 0.828227 0.107005 0.103350
0 0.636644 0.829657 0.124711 0.105392
0 0.513087 0.829657 0.114704 0.102941
0 0.382602 0.830065 0.135489 0.109477
