0 0.025123 0.199314 0.045956 0.139588
0 0.094822 0.182151 0.048100 0.137300
0 0.155484 0.177574 0.048100 0.137300
0 0.219975 0.179405 0.049020 0.131808
0 0.282475 0.174371 0.056985 0.139130
0 0.352482 0.175973 0.055453 0.140503
0 0.417739 0.171625 0.051777 0.136384
0 0.486213 0.169565 0.066176 0.129519
0 0.625613 0.198398 0.061887 0.133181
0 0.760110 0.201144 0.058211 0.135927
0 0.892923 0.201602 0.058517 0.130435
0 0.957414 0.205492 0.057598 0.131808
0 0.026348 0.513730 0.049632 0.134096
0 0.088388 0.518078 0.055453 0.142792
0 0.149510 0.513272 0.056985 0.126773
0 0.218137 0.516934 0.052696 0.134096
0 0.289982 0.522654 0.051777 0.142792
0 0.349877 0.510984 0.045956 0.163387
0 0.421722 0.517620 0.059743 0.132723
0 0.491728 0.519680 0.056985 0.135011
0 0.558824 0.523799 0.060049 0.134096
0 0.627757 0.519451 0.063725 0.131808
0 0.695159 0.525400 0.061275 0.137300
0 0.763327 0.521968 0.059130 0.135011
0 0.828125 0.523112 0.061275 0.135469
0 0.893689 0.523570 0.056985 0.142792
0 0.960018 0.524714 0.055453 0.138673
0 0.024203 0.828375 0.046569 0.143707
0 0.081801 0.827689 0.061275 0.135927
0 0.147825 0.830435 0.059130 0.139588
0 0.214767 0.831579 0.057598 0.137300
0 0.281710 0.833638 0.055453 0.141419
0 0.350950 0.839130 0.058517 0.144165
0 0.419118 0.841876 0.061887 0.146911
0 0.486213 0.844622 0.061887 0.145995
0 0.553768 0.837986 0.056679 0.143707
0 0.616881 0.827689 0.063419 0.162471
0 0.690564 0.839817 0.064951 0.142792
0 0.759038 0.842334 0.060355 0.141419
0 0.824755 0.839130 0.060662 0.139588
0 0.890778 0.840732 0.058517 0.144622
0 0.957108 0.837986 0.056985 0.152860
