0 0.076900 0.274101 0.044730 0.141340
0 0.137255 0.271650 0.046569 0.150327
0 0.200061 0.272467 0.044730 0.144608
0 0.266850 0.266748 0.056985 0.147059
0 0.336397 0.266136 0.058824 0.143382
0 0.404259 0.262868 0.055453 0.145833
0 0.475490 0.263480 0.065564 0.147059
0 0.618413 0.273897 0.057904 0.123775
0 0.763174 0.276144 0.063113 0.125817
0 0.902727 0.275531 0.062194 0.127042
0 0.970588 0.278391 0.058824 0.123775
0 0.067249 0.569853 0.058517 0.121732
0 0.134804 0.573121 0.061275 0.125817
0 0.199755 0.575368 0.055760 0.132761
0 0.272672 0.574755 0.052083 0.129085
0 0.336397 0.570466 0.042279 0.149101
0 0.407629 0.579248 0.060355 0.135621
0 0.480392 0.578023 0.058824 0.129085
0 0.550092 0.577614 0.062194 0.132353
0 0.624540 0.578636 0.065257 0.130310
0 0.695006 0.579248 0.062194 0.135621
0 0.767463 0.577614 0.066176 0.134804
0 0.837776 0.577002 0.064645 0.129493
0 0.906097 0.575368 0.062194 0.134395
0 0.972273 0.574959 0.050551 0.133578
0 0.058977 0.862541 0.060355 0.136846
0 0.126838 0.861928 0.058824 0.131536
0 0.195925 0.863971 0.057904 0.131536
0 0.265165 0.868464 0.053615 0.135621
0 0.337163 0.869077 0.057292 0.132761
0 0.406403 0.872958 0.057904 0.135621
0 0.475031 0.875613 0.059743 0.136846
0 0.545037 0.872345 0.060662 0.136846
0 0.615809 0.862949 0.071078 0.146650
0 0.689951 0.875613 0.063725 0.134395
0 0.763327 0.876021 0.057904 0.133578
0 0.836550 0.874592 0.065257 0.134804
0 0.906863 0.875613 0.061887 0.134395
0 0.973499 0.873979 0.053002 0.142565
