0 0.918505 0.762459 0.070466 0.149101
0 0.851562 0.768178 0.065870 0.145016
0 0.115196 0.230596 0.063725 0.123775
0 0.402727 0.516340 0.060355 0.118464
0 0.334406 0.513889 0.059130 0.115196
0 0.244179 0.513276 0.063725 0.123775
0 0.174479 0.515319 0.064645 0.120507
0 0.181526 0.231822 0.065257 0.118056
0 0.252298 0.233864 0.061581 0.122141
0 0.314491 0.235090 0.061581 0.122141
0 0.380055 0.237541 0.061581 0.122141
0 0.453431 0.237949 0.062500 0.118056
0 0.566330 0.239992 0.054228 0.121324
0 0.816176 0.242443 0.053309 0.113971
0 0.751225 0.241217 0.053922 0.115605
0 0.690870 0.242239 0.052083 0.113562
0 0.630055 0.241217 0.054228 0.121324
0 0.881587 0.241422 0.049939 0.116013
0 0.100490 0.515319 0.061887 0.122141
0 0.468597 0.516748 0.060355 0.118464
0 0.553002 0.508987 0.069240 0.116830
0 0.622702 0.512663 0.060355 0.118464
0 0.899357 0.509804 0.060355 0.118464
0 0.837776 0.512255 0.060355 0.118464
0 0.771599 0.508987 0.060355 0.118464
0 0.687960 0.509395 0.060355 0.118464
0 0.100337 0.804534 0.062194 0.126225
0 0.171109 0.802900 0.062194 0.126225
0 0.240962 0.799632 0.062194 0.126225
0 0.314338 0.796977 0.063113 0.120915
0 0.472120 0.781250 0.063725 0.146650
0 0.099724 0.803717 0.062194 0.126225
0 0.536458 0.791667 0.063113 0.120915
0 0.601409 0.789624 0.063113 0.120915
0 0.663603 0.787990 0.063113 0.120915
0 0.729320 0.785335 0.061581 0.117239
0 0.786458 0.784518 0.059436 0.115605
