0 0.050497 0.140187 0.077970 0.123832
0 0.135269 0.142523 0.077970 0.123832
0 0.217949 0.143692 0.077970 0.123832
0 0.300628 0.146612 0.077970 0.123832
0 0.388540 0.150117 0.077970 0.123832
0 0.467556 0.154206 0.077970 0.123832
0 0.548666 0.156542 0.077970 0.123832
0 0.632391 0.162967 0.077970 0.123832
0 0.712454 0.165888 0.069597 0.127336
0 0.791470 0.168224 0.069597 0.127336
0 0.867347 0.174650 0.069597 0.127336
0 0.950026 0.173481 0.069597 0.127336
0 0.939037 0.452687 0.069597 0.117991
0 0.860021 0.449182 0.069597 0.117991
0 0.785714 0.446846 0.069597 0.117991
0 0.698849 0.445093 0.069597 0.117991
0 0.622972 0.442757 0.069597 0.117991
0 0.547619 0.438084 0.069597 0.117991
0 0.468603 0.434579 0.069597 0.117991
0 0.392726 0.434579 0.069597 0.117991
0 0.314757 0.431075 0.069597 0.117991
0 0.225536 0.427862 0.071167 0.113902
0 0.146520 0.424357 0.071167 0.113902
0 0.062271 0.422605 0.071167 0.113902
0 0.080324 0.688960 0.074830 0.118575
0 0.156201 0.691005 0.069597 0.119159
0 0.231816 0.682243 0.076400 0.141355
0 0.310047 0.692465 0.071690 0.108061
0 0.386970 0.673773 0.071690 0.153621
0 0.463108 0.682827 0.070120 0.133178
0 0.542909 0.691589 0.064364 0.108645
0 0.604657 0.693925 0.064364 0.108645
0 0.689953 0.685456 0.068550 0.140771
0 0.762690 0.691881 0.068550 0.140771
0 0.833857 0.698890 0.070644 0.112734
0 0.903977 0.700643 0.070644 0.112734
0 0.890895 0.923189 0.067504 0.104556
0 0.818943 0.922605 0.066981 0.110397
0 0.747776 0.927862 0.066981 0.110397
0 0.679487 0.922021 0.063318 0.104556
0 0.610937 0.922021 0.063318 0.104556
0 0.528257 0.923773 0.063318 0.104556
0 0.459707 0.927862 0.063318 0.101051
0 0.389587 0.925526 0.063318 0.101051
0 0.310047 0.919100 0.062271 0.127921
0 0.240450 0.919100 0.062271 0.127921
0 0.160649 0.922021 0.060701 0.099883
