0 0.041219 0.122013 0.076703 0.167296
0 0.137634 0.124528 0.100358 0.169811
0 0.241577 0.129560 0.100358 0.169811
0 0.366308 0.125786 0.100358 0.169811
0 0.474552 0.136478 0.104659 0.148428
0 0.586380 0.137736 0.104659 0.148428
0 0.702509 0.139623 0.104659 0.148428
0 0.815054 0.140252 0.104659 0.148428
0 0.926165 0.141509 0.104659 0.148428
0 0.922222 0.413208 0.096774 0.142138
0 0.816129 0.413208 0.096774 0.142138
0 0.704301 0.411950 0.096774 0.142138
0 0.602509 0.409434 0.096774 0.142138
0 0.484229 0.406289 0.096774 0.142138
0 0.378853 0.405031 0.096774 0.142138
0 0.266308 0.402516 0.096774 0.142138
0 0.155914 0.404403 0.096774 0.142138
0 0.051971 0.402516 0.096774 0.142138
0 0.053763 0.663208 0.096057 0.138994
0 0.158423 0.660692 0.096057 0.138994
0 0.260932 0.662579 0.096057 0.138994
0 0.376344 0.662579 0.096057 0.138994
0 0.486738 0.665723 0.096057 0.138994
0 0.591398 0.668868 0.096057 0.138994
0 0.694624 0.668868 0.096057 0.138994
0 0.810753 0.673899 0.096057 0.138994
0 0.918280 0.672642 0.096057 0.138994
0 0.920789 0.921384 0.088172 0.130818
0 0.816846 0.914465 0.088172 0.130818
0 0.713620 0.910692 0.088172 0.130818
0 0.593907 0.908805 0.088172 0.130818
0 0.498566 0.907547 0.088172 0.130818
0 0.386738 0.903774 0.099642 0.137107
0 0.280645 0.905031 0.099642 0.137107
0 0.178136 0.894025 0.098208 0.154088
0 0.074194 0.891509 0.098208 0.154088