0 0.036651 0.357673 0.064815 0.225248
0 0.110725 0.360974 0.064815 0.225248
0 0.180170 0.372112 0.066358 0.219472
0 0.253472 0.378300 0.062500 0.220297
0 0.327546 0.363449 0.057099 0.256601
0 0.390239 0.374587 0.052083 0.242574
0 0.460648 0.393152 0.057099 0.212046
0 0.527006 0.403878 0.057099 0.212046
0 0.595486 0.409653 0.059028 0.212046
0 0.665316 0.400165 0.061343 0.239274
0 0.728588 0.401815 0.061343 0.239274
0 0.789352 0.428218 0.050154 0.206271
0 0.863619 0.433581 0.064429 0.205446
0 0.926119 0.439769 0.055170 0.199670
0 0.035301 0.791254 0.069059 0.231023
0 0.108989 0.795380 0.069059 0.231023
0 0.178048 0.802805 0.069059 0.231023
0 0.247492 0.802805 0.069059 0.231023
0 0.316551 0.814356 0.069059 0.231023
0 0.391011 0.817657 0.069059 0.231023
0 0.460841 0.817657 0.069059 0.231023
0 0.524498 0.825083 0.069059 0.231023
0 0.595679 0.829208 0.060185 0.234323
0 0.668981 0.811056 0.060185 0.234323
0 0.727431 0.825495 0.048225 0.236799
0 0.797454 0.841172 0.060957 0.213696
0 0.863040 0.844472 0.060957 0.213696
0 0.935185 0.839521 0.060957 0.213696
