0 0.069409 0.195485 0.056555 0.081498
0 0.136247 0.195485 0.056555 0.081498
0 0.200000 0.198789 0.056555 0.081498
0 0.257584 0.198789 0.056555 0.081498
0 0.319280 0.198789 0.056555 0.081498
0 0.382005 0.204295 0.056555 0.081498
0 0.440617 0.205396 0.056555 0.081498
0 0.498201 0.205396 0.056555 0.081498
0 0.558869 0.208700 0.056555 0.081498
0 0.621594 0.208700 0.056555 0.081498
0 0.678149 0.212004 0.056555 0.081498
0 0.736761 0.212004 0.056555 0.081498
0 0.908483 0.218612 0.052442 0.083700
0 0.853985 0.215308 0.056555 0.081498
0 0.793316 0.208700 0.054499 0.090308
0 0.054499 0.425110 0.057584 0.100220
0 0.110026 0.435573 0.059640 0.081498
0 0.173779 0.437775 0.059640 0.081498
0 0.234447 0.435573 0.059640 0.081498
0 0.294087 0.434471 0.059640 0.081498
0 0.355784 0.437775 0.059640 0.081498
0 0.410283 0.435573 0.059640 0.081498
0 0.470951 0.438877 0.059640 0.081498
0 0.525450 0.437775 0.059640 0.081498
0 0.587661 0.442181 0.052442 0.081498
0 0.643188 0.441079 0.050386 0.074890
0 0.700771 0.439978 0.052442 0.083700
0 0.756812 0.442181 0.059640 0.081498
0 0.880206 0.436674 0.055527 0.096916
0 0.829820 0.433370 0.055527 0.096916
0 0.081234 0.653084 0.057584 0.100220
0 0.141902 0.660242 0.059640 0.081498
0 0.201542 0.662445 0.059640 0.081498
0 0.258098 0.662445 0.059640 0.081498
0 0.315681 0.659141 0.059640 0.081498
0 0.377378 0.661344 0.059640 0.081498
0 0.434961 0.662445 0.059640 0.081498
0 0.492545 0.662445 0.059640 0.081498
0 0.549100 0.661344 0.055527 0.083700
0 0.605656 0.661344 0.051414 0.083700
0 0.662211 0.664648 0.059640 0.081498
0 0.719794 0.663546 0.059640 0.081498
0 0.774293 0.666850 0.059640 0.081498
0 0.888946 0.661344 0.052442 0.099119
0 0.834447 0.659141 0.052442 0.099119
0 0.061183 0.882159 0.052442 0.084802
0 0.118766 0.888767 0.052442 0.084802
0 0.180463 0.887665 0.052442 0.084802
0 0.239075 0.888767 0.052442 0.084802
0 0.296658 0.884361 0.052442 0.084802
0 0.407712 0.883260 0.052442 0.084802
0 0.355270 0.883260 0.052442 0.084802
0 0.465296 0.878855 0.052442 0.084802
0 0.523907 0.878855 0.052442 0.084802
0 0.578406 0.878855 0.052442 0.084802
0 0.638046 0.874449 0.052442 0.084802
0 0.696658 0.877753 0.052442 0.084802
0 0.749100 0.877753 0.052442 0.084802
0 0.857584 0.879956 0.049357 0.080396
0 0.804627 0.872797 0.046272 0.101322
