0 0.049189 0.070100 0.091892 0.116279
0 0.151892 0.076744 0.091892 0.116279
0 0.262703 0.087708 0.095135 0.097010
0 0.366486 0.083056 0.095135 0.097010
0 0.474595 0.085714 0.095135 0.097010
0 0.593514 0.089701 0.095135 0.097010
0 0.699459 0.091030 0.095135 0.097010
0 0.806486 0.093023 0.095135 0.097010
0 0.914595 0.095017 0.095135 0.097010
0 0.910811 0.281728 0.091892 0.093023
0 0.804865 0.277741 0.091892 0.093023
0 0.701081 0.275748 0.091892 0.093023
0 0.592973 0.275083 0.091892 0.093023
0 0.484865 0.271761 0.091892 0.093023
0 0.383784 0.262458 0.097297 0.111628
0 0.263784 0.263787 0.097297 0.111628
0 0.166486 0.262458 0.097297 0.111628
0 0.067027 0.258472 0.097297 0.111628
0 0.083784 0.442857 0.094054 0.095017
0 0.182162 0.441528 0.094054 0.095017
0 0.285946 0.443522 0.094054 0.095017
0 0.390811 0.447508 0.094054 0.095017
0 0.502162 0.447508 0.094054 0.095017
0 0.614595 0.449502 0.094054 0.095017
0 0.710811 0.450831 0.091892 0.091030
0 0.813514 0.451495 0.091892 0.091030
0 0.914054 0.453488 0.091892 0.091030
0 0.915135 0.618605 0.087568 0.089037
0 0.818919 0.617276 0.087568 0.089037
0 0.710811 0.617940 0.087568 0.089037
0 0.603784 0.616611 0.087568 0.089037
0 0.504324 0.611960 0.087568 0.089037
0 0.397297 0.613953 0.087568 0.089037
0 0.294595 0.614618 0.087568 0.089037
0 0.187568 0.614618 0.087568 0.089037
0 0.093514 0.613289 0.087568 0.089037
0 0.112432 0.763123 0.090811 0.095017
0 0.214054 0.764452 0.090811 0.095017
0 0.312973 0.768106 0.094054 0.083721
0 0.416757 0.769103 0.104865 0.089701
0 0.526486 0.770100 0.090811 0.081063
0 0.611892 0.773422 0.090811 0.081063
0 0.718919 0.774086 0.090811 0.081063
0 0.823784 0.771429 0.090811 0.081063
0 0.916757 0.771429 0.090811 0.081063
0 0.905946 0.925581 0.090811 0.081063
0 0.817297 0.927575 0.090811 0.081063
0 0.721081 0.925581 0.090811 0.081063
0 0.131892 0.918272 0.090811 0.081063
0 0.623784 0.923588 0.090811 0.081063
0 0.530811 0.918272 0.090811 0.081063
0 0.428108 0.914950 0.090811 0.081063
0 0.329730 0.916944 0.090811 0.081063
0 0.234595 0.914950 0.090811 0.081063
