0 0.047261 0.211900 0.061343 0.176061
0 0.112076 0.215379 0.061343 0.176061
0 0.172647 0.216771 0.061343 0.176061
0 0.238619 0.225818 0.061343 0.176061
0 0.304977 0.232081 0.061343 0.176061
0 0.369020 0.236952 0.061343 0.176061
0 0.431906 0.247390 0.061343 0.176061
0 0.494792 0.250870 0.061343 0.176061
0 0.558449 0.257133 0.061343 0.176061
0 0.624807 0.247738 0.048997 0.197634
0 0.681906 0.254697 0.048997 0.197634
0 0.745756 0.270355 0.060957 0.160752
0 0.807099 0.276618 0.060957 0.160752
0 0.869985 0.271051 0.060957 0.160752
0 0.840664 0.576548 0.060957 0.160752
0 0.775463 0.579332 0.060957 0.160752
0 0.715085 0.571329 0.052855 0.155880
0 0.657600 0.568546 0.052855 0.155880
0 0.594715 0.566458 0.052855 0.155880
0 0.535301 0.558107 0.052855 0.155880
0 0.475694 0.547669 0.052469 0.180932
0 0.416474 0.551496 0.052855 0.149617
0 0.357060 0.545929 0.052855 0.149617
0 0.293403 0.542450 0.052855 0.149617
0 0.234761 0.539666 0.052855 0.149617
0 0.172647 0.541754 0.052855 0.149617
0 0.110532 0.538274 0.052855 0.149617
0 0.047261 0.538274 0.052855 0.149617
0 0.054977 0.822895 0.059799 0.163535
0 0.116319 0.820111 0.059799 0.163535
0 0.174190 0.835073 0.052855 0.141962
0 0.231289 0.839944 0.052855 0.141962
0 0.291474 0.844120 0.052855 0.141962
0 0.348573 0.845511 0.052855 0.141962
0 0.403356 0.846207 0.052855 0.141962
0 0.460455 0.848991 0.052855 0.141962
0 0.521026 0.852470 0.052855 0.141962
0 0.578897 0.851079 0.052855 0.141962
0 0.635802 0.851079 0.050926 0.126653
0 0.687886 0.847599 0.050926 0.126653
0 0.747685 0.853862 0.050926 0.126653
0 0.800540 0.857342 0.044753 0.154489
