0 0.080247 0.191902 0.071759 0.177482
0 0.330633 0.207987 0.071759 0.177482
0 0.250386 0.203550 0.071759 0.177482
0 0.165895 0.193012 0.071759 0.177482
0 0.413194 0.192180 0.070216 0.202440
0 0.490355 0.198835 0.070216 0.202440
0 0.793981 0.232390 0.064815 0.157515
0 0.717978 0.228785 0.070216 0.164725
0 0.645255 0.223794 0.069059 0.163616
0 0.567323 0.220189 0.068287 0.170826
0 0.864776 0.221575 0.062886 0.185801
0 0.928048 0.228231 0.062886 0.185801
0 0.080247 0.521353 0.070216 0.170826
0 0.417824 0.525790 0.070216 0.170826
0 0.338735 0.521353 0.070216 0.170826
0 0.247299 0.521908 0.070216 0.170826
0 0.161651 0.520244 0.070216 0.170826
0 0.712963 0.524681 0.067130 0.164171
0 0.641590 0.526900 0.070216 0.170826
0 0.565972 0.525790 0.070216 0.170826
0 0.493441 0.525790 0.070216 0.170826
0 0.787809 0.526900 0.067130 0.164171
0 0.858025 0.529673 0.067130 0.164171
0 0.928048 0.524126 0.060571 0.156406
0 0.076003 0.846922 0.070216 0.170826
0 0.403549 0.833611 0.070216 0.170826
0 0.326389 0.835829 0.070216 0.170826
0 0.240741 0.843594 0.070216 0.170826
0 0.160108 0.843594 0.070216 0.170826
0 0.558063 0.829728 0.069830 0.169717
0 0.481481 0.829728 0.070216 0.170826
0 0.768326 0.820854 0.062114 0.160843
0 0.701968 0.821963 0.061343 0.165280
0 0.630594 0.827510 0.069830 0.169717
0 0.836227 0.819745 0.062114 0.160843
0 0.903742 0.814476 0.055941 0.152524
