0 0.064868 0.229754 0.093409 0.164906
0 0.171770 0.233862 0.093409 0.164906
0 0.281785 0.239143 0.093409 0.164906
0 0.389984 0.223298 0.088739 0.200117
0 0.484432 0.240023 0.091853 0.166667
0 0.574209 0.245305 0.091853 0.166667
0 0.683705 0.249413 0.091853 0.166667
0 0.780228 0.248239 0.091853 0.166667
0 0.876232 0.252347 0.091853 0.166667
0 0.861183 0.542254 0.083550 0.192488
0 0.767774 0.544014 0.083550 0.192488
0 0.666840 0.555751 0.086144 0.158451
0 0.573430 0.552230 0.086144 0.158451
0 0.471718 0.548709 0.086144 0.158451
0 0.368448 0.547535 0.086144 0.158451
0 0.265698 0.541080 0.086144 0.158451
0 0.171251 0.542254 0.086144 0.158451
0 0.078879 0.538732 0.086144 0.158451
0 0.081993 0.839789 0.086144 0.158451
0 0.173845 0.836268 0.086144 0.158451
0 0.274001 0.840376 0.086144 0.158451
0 0.371821 0.830692 0.084587 0.177817
0 0.467307 0.833040 0.074209 0.180164
0 0.567722 0.849178 0.088220 0.156103
0 0.668396 0.846831 0.088220 0.156103
0 0.756617 0.850352 0.088220 0.156103
0 0.857810 0.849765 0.088220 0.156103
