0 0.037539 0.188606 0.057351 0.096239
0 0.102190 0.186394 0.057351 0.096239
0 0.157456 0.188606 0.057351 0.096239
0 0.218457 0.185288 0.057351 0.096239
0 0.283629 0.177544 0.054223 0.113938
0 0.337852 0.178650 0.054223 0.113938
0 0.403806 0.187777 0.056830 0.102323
0 0.466371 0.185564 0.056830 0.102323
0 0.525808 0.186670 0.056830 0.102323
0 0.593066 0.175332 0.052659 0.120575
0 0.648332 0.179757 0.052659 0.120575
0 0.715850 0.188053 0.056309 0.099558
0 0.782586 0.184735 0.056309 0.099558
0 0.842544 0.184735 0.056309 0.099558
0 0.053441 0.384403 0.055787 0.097345
0 0.111835 0.379978 0.055787 0.097345
0 0.166058 0.379978 0.055787 0.097345
0 0.228102 0.379978 0.055787 0.097345
0 0.287539 0.378872 0.055787 0.097345
0 0.352190 0.378872 0.055787 0.097345
0 0.415276 0.382743 0.055787 0.097345
0 0.479927 0.379425 0.055787 0.097345
0 0.541971 0.381637 0.055787 0.097345
0 0.608446 0.377212 0.045881 0.113938
0 0.663712 0.376106 0.045881 0.113938
0 0.730448 0.382743 0.055266 0.096239
0 0.791971 0.378319 0.055266 0.096239
0 0.864442 0.377212 0.055266 0.096239
0 0.055787 0.566648 0.057351 0.093473
0 0.115746 0.564436 0.057351 0.093473
0 0.176225 0.563330 0.057351 0.093473
0 0.234619 0.563330 0.057351 0.093473
0 0.287800 0.563883 0.057351 0.093473
0 0.349844 0.562777 0.057351 0.093473
0 0.406152 0.563883 0.057351 0.093473
0 0.466632 0.555586 0.057351 0.093473
0 0.529718 0.560564 0.057351 0.093473
0 0.589155 0.559458 0.057351 0.093473
0 0.651721 0.560564 0.057351 0.093473
0 0.714807 0.562777 0.057351 0.093473
0 0.839416 0.558352 0.057351 0.093473
0 0.771116 0.559458 0.057351 0.093473
0 0.815693 0.734237 0.046403 0.085730
0 0.758863 0.738662 0.053702 0.085730
0 0.704640 0.736449 0.053702 0.085730
0 0.645725 0.735343 0.053702 0.085730
0 0.589416 0.740874 0.053702 0.085730
0 0.528936 0.742533 0.053702 0.085730
0 0.467414 0.742533 0.053702 0.085730
0 0.412148 0.746958 0.053702 0.085730
0 0.355839 0.739215 0.053702 0.085730
0 0.294838 0.737002 0.053702 0.085730
0 0.240615 0.735896 0.053702 0.085730
0 0.184307 0.741427 0.053702 0.085730
0 0.122784 0.733684 0.045360 0.100111
0 0.066475 0.734790 0.045360 0.100111
0 0.080553 0.896847 0.050574 0.099004
0 0.147289 0.897954 0.050574 0.099004
0 0.204119 0.897954 0.050574 0.099004
0 0.264599 0.899613 0.056830 0.104535
0 0.322993 0.905144 0.050574 0.084624
0 0.385558 0.898507 0.050574 0.084624
0 0.441345 0.892976 0.050574 0.084624
0 0.550834 0.911228 0.050574 0.084624
0 0.607143 0.914546 0.050574 0.084624
0 0.666580 0.911228 0.050574 0.084624
0 0.740615 0.908462 0.057873 0.096792
0 0.798749 0.908186 0.047967 0.115044
0 0.860010 0.923949 0.059958 0.105642
