0 0.067355 0.307284 0.086777 0.249646
0 0.165702 0.303748 0.086777 0.249646
0 0.263223 0.304455 0.086777 0.249646
0 0.369421 0.301627 0.086777 0.249646
0 0.472521 0.301980 0.092149 0.250354
0 0.581198 0.297737 0.092149 0.250354
0 0.684504 0.299151 0.092149 0.250354
0 0.789050 0.297737 0.092149 0.250354
0 0.896488 0.297030 0.092149 0.250354
0 0.893595 0.793847 0.095455 0.249646
0 0.791529 0.792433 0.095455 0.249646
0 0.678306 0.787482 0.095455 0.249646
0 0.579132 0.788543 0.091322 0.254597
0 0.478306 0.786421 0.091322 0.254597
0 0.371694 0.792079 0.091322 0.254597
0 0.273760 0.789250 0.091322 0.254597
0 0.176653 0.784300 0.091322 0.254597
0 0.078306 0.789958 0.091322 0.254597
