0 0.037658 0.089618 0.064867 0.129649
0 0.115586 0.094267 0.064867 0.129649
0 0.205268 0.095816 0.070091 0.130682
0 0.295385 0.098399 0.070091 0.130682
0 0.372878 0.106147 0.070091 0.130682
0 0.465607 0.110279 0.070091 0.130682
0 0.556596 0.112862 0.070091 0.130682
0 0.631694 0.115444 0.066173 0.127583
0 0.722246 0.121126 0.066173 0.127583
0 0.794515 0.125258 0.066173 0.127583
0 0.879843 0.116994 0.071397 0.141012
0 0.956900 0.116477 0.073139 0.142045
0 0.928167 0.401085 0.060078 0.106921
0 0.865477 0.387913 0.062690 0.135331
0 0.799739 0.385847 0.062690 0.135331
0 0.735307 0.395661 0.052242 0.104339
0 0.660427 0.390496 0.052242 0.104339
0 0.597083 0.381715 0.060514 0.132231
0 0.526556 0.379649 0.060514 0.132231
0 0.457118 0.385331 0.064432 0.112603
0 0.363953 0.383264 0.064432 0.112603
0 0.278624 0.378616 0.064432 0.112603
0 0.195908 0.364669 0.070527 0.139463
0 0.123422 0.372934 0.063997 0.113636
0 0.049412 0.367252 0.063997 0.113636
0 0.078798 0.623967 0.065303 0.099174
0 0.144972 0.626033 0.065303 0.099174
0 0.217022 0.619835 0.064867 0.128099
0 0.290161 0.619835 0.064867 0.123967
0 0.383326 0.628616 0.060514 0.108471
0 0.449064 0.631715 0.060514 0.108471
0 0.516326 0.625258 0.060949 0.119318
0 0.578581 0.625775 0.060949 0.118285
0 0.643666 0.632748 0.062255 0.102273
0 0.707227 0.632748 0.061384 0.100207
0 0.771441 0.627841 0.062690 0.110021
0 0.836526 0.634298 0.056160 0.100207
0 0.899869 0.621901 0.059208 0.126033
0 0.870266 0.836777 0.057466 0.089876
0 0.807575 0.841426 0.057466 0.089876
0 0.750109 0.837810 0.057466 0.089876
0 0.686112 0.844525 0.057466 0.089876
0 0.629952 0.846074 0.057466 0.089876
0 0.565956 0.845041 0.057466 0.089876
0 0.507619 0.845041 0.057466 0.089876
0 0.440139 0.842459 0.057466 0.111570
0 0.379190 0.843492 0.057466 0.111570
0 0.310840 0.843492 0.057466 0.111570
0 0.230736 0.847107 0.058337 0.092975
0 0.161950 0.848140 0.058337 0.092975
0 0.097083 0.846074 0.058337 0.092975
