0 0.045332 0.284503 0.062886 0.200463
0 0.076582 0.739399 0.062886 0.200463
0 0.105903 0.308790 0.057485 0.162683
0 0.169560 0.308790 0.057485 0.162683
0 0.240548 0.310332 0.057485 0.162683
0 0.303819 0.311103 0.057485 0.162683
0 0.365162 0.313416 0.057485 0.162683
0 0.799576 0.323439 0.057485 0.162683
0 0.734761 0.321126 0.057485 0.162683
0 0.674961 0.323439 0.057485 0.162683
0 0.613619 0.319584 0.057485 0.162683
0 0.546489 0.313416 0.057485 0.162683
0 0.486690 0.317271 0.057485 0.162683
0 0.427662 0.317271 0.057485 0.162683
0 0.925926 0.313030 0.048611 0.195837
0 0.872299 0.311488 0.048611 0.195837
0 0.143711 0.758288 0.057485 0.162683
0 0.205826 0.755204 0.057485 0.162683
0 0.269869 0.755204 0.057485 0.162683
0 0.329282 0.753662 0.057485 0.162683
0 0.392940 0.752891 0.057485 0.162683
0 0.810957 0.757132 0.054784 0.164996
0 0.750386 0.760216 0.054784 0.168080
0 0.694252 0.758288 0.054398 0.158057
0 0.635031 0.763685 0.050154 0.161141
0 0.577739 0.758288 0.057485 0.162683
0 0.515625 0.759830 0.057485 0.162683
0 0.451968 0.755204 0.057485 0.162683
0 0.931520 0.749036 0.052855 0.176561
0 0.873457 0.747109 0.055556 0.177332
