0 0.116638 0.165420 0.097770 0.120257
0 0.508576 0.177980 0.097770 0.112239
0 0.361921 0.171833 0.097770 0.120257
0 0.234134 0.164351 0.097770 0.120257
0 0.891509 0.192143 0.086621 0.111705
0 0.771012 0.189204 0.097770 0.112239
0 0.632933 0.187600 0.097770 0.112239
0 0.116638 0.354089 0.108062 0.120257
0 0.235420 0.354890 0.108919 0.118653
0 0.484134 0.361304 0.108919 0.118653
0 0.361492 0.358097 0.108919 0.118653
0 0.595197 0.360235 0.085763 0.125067
0 0.872213 0.363442 0.085763 0.125067
0 0.783019 0.361304 0.085763 0.125067
0 0.680961 0.361304 0.085763 0.125067
0 0.111492 0.550508 0.108062 0.106895
0 0.493139 0.551042 0.108062 0.106895
0 0.357633 0.547301 0.108062 0.106895
0 0.235849 0.549439 0.108062 0.106895
0 0.872642 0.549172 0.083190 0.103153
0 0.742710 0.549172 0.096055 0.105291
0 0.619211 0.545163 0.094340 0.099412
0 0.113208 0.727686 0.104631 0.125601
0 0.572041 0.726617 0.104631 0.125601
0 0.114923 0.905665 0.104631 0.125601
0 0.560034 0.903260 0.085763 0.120791
0 0.897942 0.709781 0.075472 0.130412
0 0.880789 0.903260 0.085763 0.120791
0 0.787307 0.906467 0.085763 0.120791
0 0.684391 0.903795 0.085763 0.120791
0 0.689966 0.731962 0.095197 0.103153
0 0.457547 0.911545 0.095197 0.103153
0 0.343482 0.914217 0.095197 0.103153
0 0.230274 0.914217 0.095197 0.103153
0 0.797170 0.728755 0.095197 0.103153
0 0.459262 0.730893 0.095197 0.103153
0 0.340909 0.736237 0.095197 0.103153
0 0.225986 0.730358 0.095197 0.103153
