0 0.173347 0.166322 0.100868 0.144628
0 0.549432 0.179752 0.100868 0.144628
0 0.412492 0.174587 0.100868 0.144628
0 0.286239 0.167355 0.100868 0.144628
0 0.916500 0.191374 0.094856 0.121384
0 0.796593 0.188791 0.088844 0.133781
0 0.669673 0.185434 0.094188 0.131198
0 0.163995 0.390496 0.094188 0.145661
0 0.519372 0.397469 0.104876 0.135847
0 0.400802 0.392562 0.104208 0.139463
0 0.279225 0.390496 0.096192 0.138430
0 0.625585 0.395661 0.075484 0.145661
0 0.895458 0.396694 0.075484 0.145661
0 0.807281 0.400310 0.075484 0.145661
0 0.715097 0.396694 0.075484 0.145661
0 0.158317 0.624742 0.093520 0.129649
0 0.526386 0.627324 0.093520 0.129649
0 0.397462 0.629390 0.093520 0.129649
0 0.271209 0.628357 0.093520 0.129649
0 0.891784 0.631457 0.093520 0.129649
0 0.766867 0.631457 0.093520 0.129649
0 0.644623 0.630424 0.093520 0.129649
0 0.153641 0.842459 0.092184 0.153926
0 0.601870 0.837810 0.092184 0.153926
0 0.264529 0.848399 0.097528 0.119318
0 0.810955 0.847366 0.097528 0.119318
0 0.714095 0.847366 0.097528 0.119318
0 0.489646 0.845300 0.097528 0.119318
0 0.383434 0.850981 0.097528 0.119318
0 0.916834 0.827221 0.075484 0.159607
