0 0.065972 0.275539 0.057870 0.128831
0 0.135802 0.275539 0.060957 0.126561
0 0.465278 0.290295 0.057870 0.128831
0 0.398148 0.284620 0.061728 0.127696
0 0.330247 0.284052 0.057870 0.128831
0 0.267747 0.284052 0.057870 0.128831
0 0.203897 0.280647 0.056713 0.124291
0 0.530478 0.289160 0.057870 0.128831
0 0.591435 0.288025 0.057870 0.128831
0 0.654707 0.288876 0.058642 0.130533
0 0.723380 0.288876 0.057870 0.123723
0 0.782986 0.288876 0.058256 0.119183
0 0.846836 0.281782 0.060185 0.128831
0 0.906057 0.293417 0.058256 0.119183
0 0.966242 0.291146 0.058256 0.119183
0 0.045910 0.608400 0.059414 0.150965
0 0.108796 0.625142 0.060185 0.119750
0 0.553627 0.620034 0.060185 0.119750
0 0.495370 0.621737 0.060185 0.119750
0 0.434414 0.622872 0.060185 0.119750
0 0.370370 0.618331 0.060185 0.119750
0 0.305941 0.621737 0.060185 0.119750
0 0.238040 0.626277 0.060185 0.119750
0 0.174383 0.624574 0.060185 0.119750
0 0.622299 0.621169 0.060185 0.119750
0 0.686343 0.622872 0.060185 0.119750
0 0.746528 0.626277 0.060185 0.119750
0 0.811535 0.624858 0.055170 0.118048
0 0.886767 0.614642 0.051312 0.146425
0 0.941937 0.613507 0.051312 0.146425
0 0.076389 0.936720 0.057870 0.126561
0 0.143519 0.944949 0.060185 0.110102
0 0.207948 0.944949 0.060185 0.110102
0 0.271605 0.944949 0.060185 0.110102
0 0.329475 0.944949 0.060185 0.110102
0 0.392747 0.944949 0.060185 0.110102
0 0.452160 0.944949 0.060185 0.110102
0 0.518904 0.944949 0.060185 0.110102
0 0.585648 0.944949 0.060185 0.110102
0 0.644676 0.944949 0.060185 0.110102
0 0.703318 0.944949 0.060185 0.110102
0 0.767361 0.944949 0.060185 0.110102
0 0.829090 0.941544 0.060185 0.110102
0 0.888503 0.938422 0.057099 0.123156
0 0.946952 0.934449 0.057485 0.131101
