0 0.105323 0.111079 0.064149 0.121866
0 0.179026 0.112245 0.064149 0.121866
0 0.245905 0.113994 0.064149 0.121866
0 0.318699 0.116327 0.064149 0.121866
0 0.386488 0.117493 0.064149 0.121866
0 0.454277 0.118659 0.064149 0.121866
0 0.572566 0.121574 0.064149 0.121866
0 0.639445 0.119242 0.064149 0.121866
0 0.766379 0.121866 0.062329 0.108455
0 0.832348 0.119534 0.062329 0.108455
0 0.895132 0.117201 0.062329 0.108455
0 0.903094 0.373469 0.058235 0.127697
0 0.837580 0.368222 0.058235 0.127697
0 0.765924 0.382799 0.055960 0.106706
0 0.702684 0.383965 0.055960 0.106706
0 0.623521 0.378134 0.055960 0.106706
0 0.562557 0.375802 0.055960 0.106706
0 0.484304 0.378134 0.055960 0.106706
0 0.404686 0.376968 0.055960 0.106706
0 0.340992 0.378134 0.055960 0.106706
0 0.263649 0.377843 0.059600 0.110787
0 0.193130 0.383090 0.059600 0.110787
0 0.128071 0.377843 0.059600 0.110787
0 0.128981 0.625364 0.055960 0.112536
0 0.197680 0.628280 0.055960 0.112536
0 0.257734 0.621283 0.061419 0.131195
0 0.328025 0.626531 0.056415 0.096210
0 0.402639 0.623615 0.056415 0.096210
0 0.479527 0.624781 0.055505 0.103207
0 0.541856 0.620991 0.058235 0.125948
0 0.603731 0.619825 0.058235 0.125948
0 0.658098 0.623324 0.046861 0.101458
0 0.721793 0.624490 0.046861 0.101458
0 0.779572 0.619242 0.055050 0.120117
0 0.838717 0.614577 0.055050 0.120117
0 0.896724 0.626822 0.049136 0.104956
0 0.888990 0.840233 0.049136 0.104956
0 0.824841 0.849854 0.048226 0.092711
0 0.768426 0.853936 0.048226 0.092711
0 0.711556 0.852770 0.048226 0.092711
0 0.652411 0.852770 0.048226 0.092711
0 0.595086 0.851603 0.052775 0.117201
0 0.539126 0.850437 0.052775 0.117201
0 0.475887 0.858601 0.053685 0.103207
0 0.420837 0.859767 0.053685 0.103207
0 0.335987 0.854810 0.054140 0.117784
0 0.274113 0.851312 0.054140 0.117784
0 0.212011 0.862099 0.052775 0.100875
0 0.151046 0.863848 0.052775 0.100875
