0 0.049769 0.166667 0.059414 0.133554
0 0.111497 0.165563 0.059414 0.133554
0 0.170910 0.167770 0.059414 0.133554
0 0.231867 0.168874 0.059414 0.133554
0 0.292824 0.168874 0.059414 0.133554
0 0.357639 0.172185 0.059414 0.133554
0 0.423997 0.174393 0.059414 0.133554
0 0.486497 0.175497 0.059414 0.133554
0 0.549769 0.175497 0.059414 0.133554
0 0.621914 0.169978 0.050926 0.164459
0 0.682870 0.172185 0.050926 0.164459
0 0.747299 0.183223 0.067130 0.140177
0 0.813657 0.185430 0.067130 0.140177
0 0.885417 0.186534 0.067130 0.140177
0 0.851852 0.439294 0.058642 0.122517
0 0.783179 0.438190 0.058642 0.122517
0 0.721451 0.438190 0.058642 0.122517
0 0.658179 0.434879 0.058642 0.122517
0 0.594136 0.432671 0.058642 0.122517
0 0.533179 0.435982 0.058642 0.122517
0 0.475694 0.427152 0.053241 0.135762
0 0.413966 0.429360 0.053241 0.135762
0 0.353009 0.429360 0.057870 0.124724
0 0.293596 0.429360 0.057870 0.124724
0 0.235725 0.426049 0.057870 0.124724
0 0.176312 0.424945 0.057870 0.124724
0 0.114583 0.428256 0.057870 0.124724
0 0.055170 0.428256 0.057870 0.124724
0 0.069830 0.651766 0.053241 0.125828
0 0.124614 0.651766 0.053241 0.125828
0 0.182099 0.657837 0.052469 0.107064
0 0.236111 0.658940 0.052469 0.107064
0 0.297840 0.660044 0.052469 0.107064
0 0.354167 0.663355 0.052469 0.107064
0 0.408179 0.661148 0.052469 0.107064
0 0.466821 0.667770 0.052469 0.107064
0 0.526235 0.671082 0.052469 0.107064
0 0.584105 0.672185 0.052469 0.107064
0 0.642747 0.671082 0.052469 0.107064
0 0.699074 0.676600 0.052469 0.107064
0 0.756173 0.678808 0.052469 0.107064
0 0.814429 0.677704 0.048611 0.135762
0 0.844136 0.908940 0.060185 0.123620
0 0.790509 0.894040 0.057870 0.137969
0 0.727623 0.897903 0.061728 0.154525
0 0.660494 0.902870 0.064815 0.129139
0 0.601080 0.901766 0.057099 0.111479
0 0.546296 0.897351 0.057099 0.111479
0 0.433642 0.875276 0.057099 0.111479
0 0.380787 0.876932 0.047068 0.108168
0 0.323688 0.887969 0.047068 0.108168
0 0.264660 0.870309 0.057099 0.134658
0 0.205247 0.865894 0.057099 0.134658
0 0.154321 0.862031 0.054012 0.115894
0 0.087577 0.862031 0.053241 0.120309
