0 0.047695 0.161674 0.059539 0.067149
0 0.440781 0.166322 0.056978 0.071281
0 0.372919 0.164256 0.058259 0.066116
0 0.310499 0.163740 0.053777 0.069215
0 0.244238 0.162707 0.059539 0.067149
0 0.175096 0.159607 0.059539 0.067149
0 0.112356 0.158574 0.059539 0.067149
0 0.499360 0.166064 0.058899 0.066632
0 0.817542 0.173812 0.058899 0.066632
0 0.749040 0.172779 0.058899 0.066632
0 0.692061 0.170196 0.058899 0.066632
0 0.626120 0.168647 0.058899 0.066632
0 0.565941 0.165548 0.058899 0.066632
0 0.079706 0.353564 0.055698 0.069731
0 0.057939 0.532541 0.056978 0.080579
0 0.403969 0.361054 0.052497 0.070248
0 0.340909 0.359762 0.056978 0.068698
0 0.273367 0.356405 0.057618 0.066116
0 0.214469 0.354855 0.056338 0.065083
0 0.146287 0.352014 0.055698 0.069731
0 0.466389 0.358729 0.058259 0.067665
0 0.652049 0.360279 0.055698 0.065599
0 0.590589 0.358729 0.058259 0.067665
0 0.532971 0.357180 0.058259 0.067665
0 0.778809 0.363378 0.055698 0.065599
0 0.718630 0.361054 0.058259 0.060950
0 0.953905 0.364411 0.051216 0.065599
0 0.900448 0.362862 0.055698 0.065599
0 0.840269 0.355114 0.055698 0.065599
0 0.181178 0.537707 0.053777 0.068182
0 0.248720 0.537707 0.058259 0.064050
0 0.117478 0.540289 0.056978 0.063017
0 0.618118 0.537707 0.058259 0.064050
0 0.558579 0.538740 0.058259 0.064050
0 0.497119 0.536674 0.058259 0.064050
0 0.435659 0.537707 0.058259 0.064050
0 0.373560 0.537190 0.058259 0.064050
0 0.310819 0.537707 0.058259 0.064050
0 0.805698 0.541322 0.058259 0.064050
0 0.743598 0.539256 0.058259 0.064050
0 0.677017 0.538740 0.058259 0.064050
0 0.879962 0.534607 0.054417 0.074380
0 0.934379 0.534091 0.051857 0.075413
0 0.085467 0.716684 0.054417 0.086260
0 0.153649 0.722624 0.055058 0.071281
0 0.520166 0.718233 0.054417 0.071798
0 0.458387 0.718233 0.058899 0.069731
0 0.397887 0.717717 0.056978 0.070764
0 0.338988 0.719783 0.054417 0.072831
0 0.274008 0.721849 0.053777 0.071798
0 0.211908 0.719783 0.058899 0.071798
0 0.945262 0.713068 0.054417 0.071798
0 0.885723 0.713068 0.054417 0.071798
0 0.825544 0.718492 0.054417 0.067149
0 0.767286 0.719525 0.056978 0.067149
0 0.705186 0.719783 0.055698 0.071798
0 0.643406 0.720300 0.051216 0.065599
0 0.582266 0.717717 0.054417 0.071798
0 0.063380 0.898760 0.055058 0.071281
0 0.315621 0.895661 0.055058 0.071281
0 0.252881 0.896694 0.055058 0.071281
0 0.188860 0.900310 0.055058 0.071281
0 0.126120 0.901860 0.055058 0.071281
0 0.430218 0.894112 0.055058 0.071281
0 0.373239 0.892562 0.055058 0.071281
0 0.913572 0.888946 0.055058 0.071281
0 0.852433 0.884039 0.046735 0.074897
0 0.800896 0.888946 0.055058 0.071281
0 0.736876 0.887913 0.055058 0.071281
0 0.682458 0.889979 0.055058 0.071281
0 0.614597 0.891529 0.055058 0.071281
0 0.556338 0.888946 0.055058 0.071281
0 0.496159 0.890496 0.055058 0.071281
