0 0.073536 0.238860 0.054601 0.119921
0 0.138265 0.235583 0.054601 0.119921
0 0.199472 0.242136 0.054601 0.119921
0 0.263320 0.243447 0.054601 0.119921
0 0.324086 0.246068 0.054601 0.119921
0 0.381770 0.244758 0.054601 0.119921
0 0.447820 0.247379 0.054601 0.119921
0 0.509908 0.248034 0.054601 0.119921
0 0.568472 0.246723 0.054601 0.119921
0 0.626596 0.249345 0.054601 0.119921
0 0.691766 0.250655 0.054601 0.119921
0 0.749450 0.248689 0.054601 0.119921
0 0.810876 0.243775 0.055042 0.128440
0 0.872303 0.251311 0.054601 0.119921
0 0.926024 0.254587 0.054601 0.119921
0 0.055923 0.559305 0.057244 0.147444
0 0.113386 0.572739 0.056803 0.112713
0 0.175033 0.572739 0.056803 0.112713
0 0.238001 0.573394 0.056803 0.112713
0 0.300528 0.571429 0.056803 0.112713
0 0.362175 0.568152 0.056803 0.112713
0 0.416777 0.572084 0.056803 0.112713
0 0.474020 0.571429 0.056803 0.112713
0 0.533906 0.568807 0.056803 0.112713
0 0.599075 0.571429 0.056803 0.112713
0 0.655438 0.574050 0.056803 0.112713
0 0.711801 0.574050 0.056803 0.112713
0 0.776090 0.574705 0.056803 0.112713
0 0.848085 0.563565 0.045795 0.137615
0 0.902686 0.562254 0.047556 0.138925
0 0.084544 0.879096 0.057244 0.147444
0 0.149053 0.889253 0.056803 0.112713
0 0.266623 0.886959 0.054161 0.119921
0 0.207618 0.890564 0.056803 0.112713
0 0.501761 0.884338 0.054161 0.119921
0 0.439234 0.886304 0.054161 0.119921
0 0.380229 0.886304 0.054161 0.119921
0 0.323426 0.888925 0.054161 0.119921
0 0.791502 0.888925 0.054161 0.119921
0 0.733377 0.892857 0.054161 0.119921
0 0.675253 0.890891 0.054161 0.119921
0 0.617129 0.890236 0.054161 0.119921
0 0.560326 0.887615 0.054161 0.119921
0 0.852708 0.883683 0.055042 0.140891
0 0.909511 0.884338 0.055042 0.140891
