0 0.083553 0.226756 0.095175 0.171488
0 0.178728 0.230888 0.095175 0.171488
0 0.279605 0.230888 0.095175 0.171488
0 0.372149 0.234504 0.095175 0.171488
0 0.473026 0.233471 0.095175 0.171488
0 0.582237 0.231405 0.095175 0.171488
0 0.676535 0.238378 0.085526 0.169938
0 0.775439 0.223657 0.078070 0.193182
0 0.867982 0.222624 0.078070 0.193182
0 0.867544 0.541322 0.095614 0.158058
0 0.771491 0.542355 0.095614 0.158058
0 0.682895 0.541322 0.095614 0.158058
0 0.576316 0.542355 0.095614 0.158058
0 0.480921 0.529442 0.077632 0.181818
0 0.389254 0.530475 0.077632 0.181818
0 0.285526 0.540548 0.087719 0.159607
0 0.190351 0.538481 0.087719 0.159607
0 0.098246 0.541064 0.087719 0.159607
0 0.105702 0.843233 0.087719 0.159607
0 0.198246 0.841167 0.087719 0.159607
0 0.293421 0.836519 0.087719 0.159607
0 0.382018 0.839101 0.087719 0.159607
0 0.476316 0.843233 0.087719 0.159607
0 0.577193 0.841167 0.087719 0.159607
0 0.671053 0.827221 0.085088 0.166839
0 0.759649 0.824122 0.085088 0.166839
0 0.853070 0.825155 0.085088 0.166839
