0 0.072695 0.194990 0.105496 0.176136
0 0.183954 0.203771 0.105496 0.176136
0 0.286791 0.201446 0.090426 0.175620
0 0.393839 0.183884 0.076684 0.211777
0 0.492908 0.201705 0.091312 0.174070
0 0.588209 0.203771 0.091312 0.174070
0 0.688830 0.201705 0.091312 0.174070
0 0.793883 0.207386 0.091312 0.174070
0 0.891844 0.206353 0.091312 0.174070
0 0.873449 0.506457 0.089982 0.196798
0 0.779034 0.511105 0.089982 0.196798
0 0.679300 0.519886 0.088209 0.163740
0 0.583998 0.519886 0.088209 0.163740
0 0.479388 0.523502 0.088209 0.163740
0 0.384087 0.521436 0.088209 0.163740
0 0.279477 0.514721 0.088209 0.163740
0 0.187278 0.521436 0.088209 0.163740
0 0.087101 0.519370 0.088209 0.163740
0 0.095523 0.829287 0.088209 0.163740
0 0.189938 0.825155 0.088209 0.163740
0 0.287456 0.827221 0.088209 0.163740
0 0.388963 0.814050 0.080230 0.190083
0 0.483378 0.814050 0.080230 0.190083
0 0.582668 0.826963 0.092642 0.160124
0 0.685505 0.823864 0.092642 0.160124
0 0.778590 0.823864 0.092642 0.160124
0 0.878768 0.822831 0.092642 0.160124
