0 0.066222 0.149562 0.068305 0.151439
0 0.138692 0.152691 0.068305 0.151439
0 0.215327 0.157697 0.068305 0.151439
0 0.304456 0.164581 0.068305 0.151439
0 0.389005 0.170839 0.068305 0.151439
0 0.458142 0.173967 0.068305 0.151439
0 0.633070 0.183980 0.064973 0.145181
0 0.703873 0.185857 0.064973 0.145181
0 0.796751 0.187109 0.064973 0.145181
0 0.866722 0.192115 0.064973 0.145181
0 0.937526 0.198373 0.064973 0.145181
0 0.901499 0.529725 0.056227 0.130788
0 0.834027 0.519712 0.056227 0.130788
0 0.767389 0.521589 0.056227 0.130788
0 0.628696 0.519399 0.059559 0.140175
0 0.558934 0.517522 0.063307 0.138924
0 0.439400 0.511264 0.063307 0.138924
0 0.366097 0.510013 0.063307 0.138924
0 0.298626 0.509387 0.063307 0.138924
0 0.221991 0.503755 0.063307 0.138924
0 0.146397 0.499374 0.061224 0.142678
0 0.071845 0.498123 0.061224 0.142678
0 0.078509 0.827284 0.061224 0.142678
0 0.147647 0.831665 0.061224 0.142678
0 0.229279 0.827284 0.061224 0.142678
0 0.310912 0.834793 0.061224 0.142678
0 0.379633 0.829161 0.061224 0.142678
0 0.461266 0.835419 0.061224 0.142678
0 0.543732 0.832290 0.061224 0.142678
0 0.610371 0.832916 0.061224 0.142678
0 0.694086 0.836045 0.061224 0.142678
0 0.764890 0.837922 0.061224 0.142678
0 0.840900 0.828849 0.065806 0.170839
0 0.911703 0.830726 0.065806 0.170839
