0 0.051314 0.131623 0.075094 0.098160
0 0.149562 0.132738 0.075094 0.098160
0 0.225282 0.131623 0.075094 0.098160
0 0.306946 0.125209 0.075720 0.115449
0 0.388298 0.127440 0.075720 0.115449
0 0.472153 0.138316 0.074468 0.100390
0 0.549750 0.140547 0.074468 0.100390
0 0.630476 0.141662 0.074468 0.100390
0 0.703066 0.145566 0.074468 0.100390
0 0.780038 0.145845 0.064456 0.096486
0 0.857322 0.134969 0.072591 0.113776
0 0.933041 0.138316 0.072591 0.113776
0 0.923029 0.359732 0.071339 0.094813
0 0.847935 0.358617 0.071339 0.094813
0 0.770964 0.360848 0.071339 0.094813
0 0.700876 0.355270 0.071339 0.094813
0 0.629537 0.351924 0.071339 0.094813
0 0.547559 0.355270 0.071339 0.094813
0 0.472466 0.356386 0.071339 0.094813
0 0.401752 0.353040 0.071339 0.094813
0 0.321652 0.353040 0.071339 0.094813
0 0.246558 0.349693 0.071339 0.094813
0 0.164581 0.348578 0.071339 0.094813
0 0.085732 0.345231 0.071339 0.094813
0 0.098248 0.557167 0.071339 0.094813
0 0.174593 0.556051 0.071339 0.094813
0 0.247810 0.557167 0.071339 0.094813
0 0.331039 0.554936 0.071339 0.094813
0 0.408636 0.553820 0.071339 0.094813
0 0.477472 0.552705 0.071339 0.094813
0 0.551940 0.557167 0.071339 0.094813
0 0.619524 0.552705 0.071339 0.094813
0 0.693992 0.556609 0.071339 0.094813
0 0.770651 0.556051 0.066959 0.095929
0 0.841364 0.560513 0.066959 0.095929
0 0.911452 0.559398 0.066959 0.095929
0 0.898310 0.745956 0.065707 0.093140
0 0.828223 0.749303 0.065707 0.093140
0 0.760638 0.741216 0.065707 0.099275
0 0.692428 0.740100 0.065707 0.099275
0 0.616395 0.749024 0.062578 0.090351
0 0.548811 0.752370 0.062578 0.090351
0 0.473717 0.740379 0.063830 0.098717
0 0.402378 0.750418 0.063830 0.098717
0 0.329474 0.754322 0.061952 0.090909
0 0.255632 0.760457 0.061952 0.080870
0 0.184293 0.756274 0.059449 0.093698
0 0.111702 0.751813 0.059449 0.093698
0 0.188986 0.937256 0.061327 0.090909
0 0.264080 0.924428 0.061327 0.090909
0 0.331039 0.924428 0.061327 0.090909
0 0.404881 0.937256 0.061327 0.090909
0 0.474969 0.940602 0.061327 0.090909
0 0.544743 0.937256 0.056946 0.088678
0 0.611076 0.933910 0.056946 0.088678
0 0.679287 0.927217 0.056946 0.088678
0 0.751877 0.930563 0.056946 0.088678
0 0.821965 0.933910 0.061952 0.073062
0 0.898936 0.926938 0.065707 0.089236
