0 0.035946 0.071388 0.041836 0.096904
0 0.075751 0.073681 0.041836 0.096904
0 0.114541 0.078555 0.041430 0.082569
0 0.154346 0.081995 0.041430 0.082569
0 0.194151 0.084289 0.041430 0.082569
0 0.238424 0.086009 0.041430 0.082569
0 0.279854 0.092890 0.041430 0.082569
0 0.318034 0.090596 0.041430 0.082569
0 0.361089 0.096904 0.041430 0.082569
0 0.358042 0.250000 0.036962 0.079128
0 0.319050 0.251147 0.036962 0.079128
0 0.278432 0.248853 0.036962 0.079128
0 0.239846 0.246560 0.036962 0.079128
0 0.198416 0.245413 0.036962 0.079128
0 0.157595 0.235092 0.037368 0.091743
0 0.116166 0.235092 0.037368 0.091743
0 0.077985 0.230505 0.037368 0.091743
0 0.037368 0.233945 0.037368 0.091743
0 0.046913 0.391915 0.037774 0.078555
0 0.085906 0.392489 0.037774 0.078555
0 0.124086 0.391342 0.037774 0.078555
0 0.163891 0.393635 0.037774 0.078555
0 0.202071 0.393635 0.037774 0.078555
0 0.246751 0.397076 0.037774 0.078555
0 0.281682 0.398222 0.037774 0.078555
0 0.319862 0.399369 0.037774 0.078555
0 0.356824 0.401089 0.037774 0.078555
0 0.359058 0.544725 0.033306 0.075688
0 0.323721 0.543578 0.033306 0.075688
0 0.279854 0.542431 0.033306 0.075688
0 0.246548 0.543578 0.033306 0.075688
0 0.205118 0.542431 0.033306 0.075688
0 0.166531 0.541284 0.033306 0.075688
0 0.124289 0.540138 0.033306 0.075688
0 0.086921 0.540711 0.033306 0.075688
0 0.050366 0.538417 0.033306 0.075688
0 0.059708 0.670872 0.030869 0.082569
0 0.096263 0.669725 0.030869 0.082569
0 0.131397 0.675745 0.033712 0.072821
0 0.171202 0.671158 0.033712 0.072821
0 0.212226 0.678039 0.033712 0.072821
0 0.248375 0.674599 0.033712 0.072821
0 0.285743 0.679186 0.033712 0.072821
0 0.323111 0.679186 0.033712 0.072821
0 0.364541 0.673452 0.033712 0.072821
0 0.358245 0.813933 0.030869 0.067087
0 0.322502 0.812787 0.030869 0.067087
0 0.285540 0.811640 0.030869 0.067087
0 0.249797 0.812787 0.030869 0.067087
0 0.215272 0.809346 0.030869 0.067087
0 0.173842 0.804759 0.030869 0.067087
0 0.137287 0.803612 0.030869 0.067087
0 0.101137 0.803612 0.027620 0.077408
0 0.066206 0.807053 0.027620 0.077408
0 0.075345 0.927179 0.028838 0.068807
0 0.114338 0.930619 0.028838 0.068807
0 0.148050 0.930619 0.028838 0.068807
0 0.180544 0.934633 0.028838 0.068807
0 0.214257 0.933486 0.028838 0.068807
0 0.252437 0.930619 0.028838 0.068807
0 0.290617 0.934633 0.028838 0.068807
0 0.325955 0.939220 0.028838 0.068807
0 0.360885 0.934633 0.028838 0.068807
0 0.465475 0.932913 0.031682 0.063073
0 0.394598 0.932339 0.028838 0.068807
0 0.431966 0.930046 0.028838 0.068807
0 0.497969 0.932913 0.031682 0.063073
0 0.532494 0.928326 0.031682 0.063073
0 0.565394 0.927179 0.031682 0.063073
0 0.601137 0.930619 0.031682 0.063073
0 0.634037 0.932339 0.031682 0.063073
0 0.562957 0.806766 0.030057 0.071101
0 0.527214 0.806766 0.030057 0.071101
0 0.488627 0.816514 0.030057 0.071101
0 0.453696 0.821101 0.030057 0.071101
0 0.413891 0.818807 0.030057 0.071101
0 0.416734 0.679472 0.030057 0.071101
0 0.455727 0.676606 0.030057 0.071101
0 0.489439 0.672018 0.030057 0.071101
0 0.525995 0.669725 0.030057 0.071101
0 0.561332 0.673165 0.030057 0.071101
0 0.597076 0.673165 0.030057 0.071101
0 0.598700 0.553899 0.030057 0.071101
0 0.565800 0.552752 0.030057 0.071101
0 0.604793 0.409404 0.030057 0.071101
0 0.523558 0.551606 0.030057 0.071101
0 0.489846 0.549312 0.030057 0.071101
0 0.455727 0.552752 0.030057 0.071101
0 0.423639 0.545872 0.030057 0.071101
0 0.569456 0.409404 0.030057 0.071101
0 0.533306 0.403670 0.030057 0.071101
0 0.494517 0.397362 0.031275 0.080275
0 0.456946 0.396789 0.031682 0.083716
0 0.426279 0.396216 0.032088 0.082569
0 0.611292 0.264908 0.030057 0.071101
0 0.574330 0.259174 0.030057 0.071101
0 0.539399 0.256881 0.030057 0.071101
0 0.498375 0.259174 0.030057 0.071101
0 0.457758 0.255734 0.030057 0.071101
0 0.42200 0.252294 0.030057 0.071101
0 0.418156 0.096330 0.035337 0.082569
0 0.459586 0.096330 0.035337 0.082569
0 0.495735 0.103784 0.035337 0.082569
0 0.539196 0.107225 0.035337 0.082569
0 0.578188 0.106078 0.035337 0.082569
0 0.617181 0.110092 0.035337 0.082569
0 0.677498 0.106078 0.034119 0.091743
0 0.710804 0.112385 0.034119 0.091743
0 0.749391 0.119839 0.035743 0.074541
0 0.787571 0.124427 0.035743 0.074541
0 0.824939 0.122133 0.035743 0.074541
0 0.860682 0.120986 0.035743 0.074541
0 0.899675 0.130734 0.035743 0.074541
0 0.936231 0.131881 0.035743 0.074541
0 0.971974 0.135894 0.035743 0.074541
0 0.958976 0.272936 0.035743 0.074541
0 0.923639 0.275803 0.035743 0.074541
0 0.883022 0.273509 0.035743 0.074541
0 0.848497 0.274656 0.035743 0.074541
0 0.813566 0.271216 0.035743 0.074541
0 0.784322 0.263761 0.035743 0.094037
0 0.741673 0.270642 0.036556 0.076835
0 0.701868 0.269495 0.036556 0.076835
0 0.665313 0.264908 0.036556 0.076835
0 0.658814 0.409404 0.034931 0.072248
0 0.696182 0.412271 0.034931 0.072248
0 0.728270 0.415711 0.034931 0.072248
0 0.764419 0.411124 0.034931 0.072248
0 0.798538 0.419151 0.034931 0.072248
0 0.839155 0.416858 0.034931 0.072248
0 0.870431 0.415711 0.034931 0.072248
0 0.905971 0.412557 0.032900 0.088876
0 0.947400 0.411411 0.032900 0.088876
0 0.934809 0.558200 0.035337 0.071674
0 0.901097 0.555906 0.035337 0.071674
0 0.864541 0.554759 0.035337 0.071674
0 0.827579 0.555906 0.035337 0.071674
0 0.792851 0.549885 0.030057 0.086009
0 0.761576 0.546445 0.030057 0.086009
0 0.721162 0.551892 0.032088 0.065940
0 0.689074 0.550745 0.032088 0.065940
0 0.653737 0.547305 0.032088 0.065940
0 0.645207 0.683200 0.032088 0.065940
0 0.680544 0.683200 0.032088 0.065940
0 0.717100 0.683200 0.032088 0.065940
0 0.748375 0.684920 0.032088 0.065940
0 0.781682 0.687213 0.032088 0.065940
0 0.818237 0.684920 0.032088 0.065940
0 0.853371 0.684633 0.030869 0.076835
0 0.885459 0.680046 0.030869 0.076835
0 0.921202 0.680046 0.030869 0.076835
0 0.911860 0.814507 0.032494 0.056766
0 0.877335 0.811067 0.032494 0.056766
0 0.845248 0.808773 0.032494 0.056766
0 0.812348 0.811067 0.032494 0.056766
0 0.771527 0.807913 0.030463 0.068807
0 0.741064 0.809060 0.030463 0.068807
0 0.707352 0.804472 0.030463 0.068807
0 0.674858 0.805619 0.030463 0.068807
0 0.641958 0.807913 0.030463 0.068807
0 0.896426 0.926892 0.029245 0.075115
0 0.861089 0.925745 0.029245 0.048739
0 0.824127 0.930333 0.029245 0.048739
0 0.791024 0.930333 0.028838 0.072821
0 0.763810 0.928039 0.028838 0.072821
0 0.733347 0.929759 0.028838 0.072821
0 0.665922 0.936067 0.028838 0.060206
0 0.698010 0.926892 0.028838 0.072821
