0 0.052403 0.195833 0.088593 0.195513
0 0.152577 0.194551 0.088593 0.195513
0 0.255646 0.194551 0.088593 0.195513
0 0.372032 0.191987 0.088593 0.195513
0 0.471917 0.208013 0.100753 0.173718
0 0.583671 0.205449 0.100753 0.173718
0 0.686740 0.208654 0.100753 0.173718
0 0.801390 0.208654 0.100753 0.173718
0 0.913723 0.204808 0.100753 0.173718
0 0.907643 0.534615 0.095541 0.165385
0 0.806891 0.534615 0.095541 0.165385
0 0.696294 0.531410 0.095541 0.165385
0 0.596699 0.532051 0.095541 0.165385
0 0.487840 0.533974 0.095541 0.165385
0 0.380718 0.530769 0.095541 0.165385
0 0.276491 0.526923 0.095541 0.165385
0 0.172843 0.528205 0.095541 0.165385
0 0.077881 0.528846 0.095541 0.165385
0 0.070353 0.842949 0.095541 0.165385
0 0.170527 0.843590 0.095541 0.165385
0 0.271280 0.844231 0.095541 0.165385
0 0.377244 0.845513 0.095541 0.165385
0 0.483208 0.846154 0.095541 0.165385
0 0.585119 0.847436 0.095541 0.165385
0 0.682976 0.851282 0.095541 0.165385
0 0.800521 0.854487 0.095541 0.165385
0 0.903011 0.855128 0.095541 0.165385
