0 0.042631 0.307474 0.062886 0.234626
0 0.106674 0.307947 0.059799 0.233680
0 0.169560 0.322138 0.059799 0.233680
0 0.229745 0.325922 0.059799 0.233680
0 0.298804 0.326868 0.059799 0.233680
0 0.363619 0.336329 0.059799 0.233680
0 0.431520 0.342952 0.059799 0.233680
0 0.487847 0.351466 0.059799 0.233680
0 0.559221 0.356197 0.059799 0.233680
0 0.624421 0.347209 0.055170 0.261116
0 0.679012 0.353832 0.050154 0.264901
0 0.748843 0.368023 0.057870 0.211921
0 0.810185 0.378430 0.057870 0.211921
0 0.875772 0.372753 0.057870 0.211921
0 0.849151 0.798486 0.057870 0.211921
0 0.779321 0.802271 0.057870 0.211921
0 0.721836 0.798486 0.057870 0.211921
0 0.657793 0.786187 0.057870 0.211921
0 0.594136 0.782403 0.057870 0.211921
0 0.533951 0.784295 0.057870 0.211921
0 0.476659 0.765847 0.059028 0.246925
0 0.415702 0.771523 0.058256 0.203406
0 0.350887 0.769631 0.058256 0.203406
0 0.291474 0.769631 0.058256 0.203406
0 0.227045 0.757332 0.058256 0.203406
0 0.167631 0.758278 0.058256 0.203406
0 0.102045 0.755440 0.058256 0.203406
0 0.041860 0.756386 0.058256 0.203406
