0 0.045717 0.306541 0.070840 0.231678
0 0.151565 0.307329 0.070016 0.217494
0 0.225288 0.303388 0.070016 0.217494
0 0.320222 0.296690 0.075371 0.246651
0 0.401359 0.296690 0.075371 0.246651
0 0.481054 0.323089 0.074959 0.220646
0 0.560132 0.327029 0.074959 0.220646
0 0.641680 0.336485 0.074959 0.220646
0 0.722817 0.343578 0.074959 0.220646
0 0.803542 0.345942 0.074959 0.220646
0 0.878501 0.321119 0.071664 0.257683
0 0.957166 0.321119 0.071664 0.257683
0 0.953048 0.806935 0.067545 0.209614
0 0.875206 0.810875 0.067545 0.209614
0 0.794893 0.808905 0.070016 0.223010
0 0.713756 0.806541 0.070016 0.223010
0 0.638797 0.800236 0.070016 0.223010
0 0.551895 0.801812 0.070016 0.223010
0 0.475288 0.797084 0.070016 0.223010
0 0.399918 0.793144 0.070016 0.223010
0 0.318781 0.793144 0.070016 0.223010
0 0.235585 0.791568 0.070016 0.223010
0 0.154036 0.789992 0.070016 0.223010
0 0.074135 0.790780 0.070016 0.223010
