0 0.073110 0.173061 0.072145 0.240409
0 0.152971 0.174766 0.072145 0.240409
0 0.232832 0.179881 0.072145 0.240409
0 0.312693 0.179028 0.072145 0.240409
0 0.392940 0.184143 0.072145 0.240409
0 0.471258 0.187553 0.072145 0.240409
0 0.546875 0.193521 0.072145 0.240409
0 0.629051 0.195226 0.072145 0.240409
0 0.704282 0.196078 0.072145 0.240409
0 0.784144 0.205456 0.072145 0.240409
0 0.864776 0.200341 0.072145 0.240409
0 0.939622 0.197783 0.072145 0.240409
0 0.935378 0.726343 0.072145 0.240409
0 0.858603 0.729753 0.072145 0.240409
0 0.780671 0.729753 0.072145 0.240409
0 0.701968 0.719523 0.072145 0.240409
0 0.621335 0.717818 0.072145 0.240409
0 0.545718 0.717818 0.072145 0.240409
0 0.474730 0.716113 0.072145 0.240409
0 0.395255 0.714408 0.072145 0.240409
0 0.321952 0.703325 0.072145 0.240409
0 0.238233 0.714408 0.072145 0.240409
0 0.157986 0.712702 0.072145 0.240409
0 0.080440 0.705882 0.072145 0.240409
