0 0.089332 0.133735 0.095116 0.156627
0 0.188625 0.147289 0.094473 0.133133
0 0.288882 0.149096 0.094473 0.133133
0 0.391710 0.155723 0.094473 0.133133
0 0.480398 0.161145 0.094473 0.133133
0 0.583226 0.159940 0.094473 0.133133
0 0.678021 0.165361 0.083548 0.130723
0 0.772494 0.167169 0.083548 0.130723
0 0.861183 0.169578 0.083548 0.130723
0 0.855077 0.409337 0.081620 0.118675
0 0.763817 0.405723 0.081620 0.118675
0 0.675129 0.404518 0.081620 0.118675
0 0.573586 0.403313 0.081620 0.118675
0 0.488111 0.400904 0.081620 0.118675
0 0.397172 0.394578 0.065553 0.140964
0 0.288882 0.398494 0.084190 0.127108
0 0.190553 0.398494 0.084190 0.127108
0 0.087725 0.393675 0.084190 0.127108
0 0.092866 0.638855 0.084190 0.127108
0 0.179627 0.642470 0.084190 0.127108
0 0.277314 0.640060 0.084190 0.127108
0 0.373072 0.644277 0.084190 0.127108
0 0.466260 0.642169 0.081620 0.120482
0 0.567159 0.645181 0.081620 0.120482
0 0.657776 0.640361 0.081620 0.120482
0 0.753535 0.635241 0.079049 0.150000
0 0.837725 0.632831 0.079049 0.150000
0 0.843188 0.874398 0.087404 0.124699
0 0.753213 0.877410 0.087404 0.124699
0 0.663239 0.879217 0.087404 0.124699
0 0.571979 0.879217 0.087404 0.124699
0 0.471401 0.868675 0.066195 0.140964
0 0.380141 0.867470 0.066195 0.140964
0 0.279563 0.881627 0.080977 0.128313
0 0.185733 0.882229 0.080977 0.128313
0 0.097044 0.879217 0.080977 0.128313
