0 0.041667 0.208117 0.063272 0.217617
0 0.113812 0.214162 0.063272 0.217617
0 0.184414 0.216753 0.063272 0.217617
0 0.270833 0.218480 0.063272 0.217617
0 0.353009 0.235751 0.063272 0.217617
0 0.421296 0.232297 0.063272 0.217617
0 0.587191 0.240933 0.063272 0.217617
0 0.656250 0.245250 0.063272 0.217617
0 0.749228 0.248705 0.063272 0.217617
0 0.824074 0.249568 0.063272 0.217617
0 0.894290 0.251295 0.063272 0.217617
0 0.860725 0.732297 0.058642 0.195164
0 0.792824 0.719344 0.058642 0.195164
0 0.722608 0.719344 0.058642 0.195164
0 0.586806 0.714162 0.058642 0.195164
0 0.518904 0.718480 0.058642 0.195164
0 0.401235 0.714162 0.058642 0.195164
0 0.331404 0.716321 0.060957 0.216753
0 0.261574 0.718912 0.060957 0.216753
0 0.185571 0.720639 0.060957 0.216753
0 0.117670 0.712867 0.060957 0.216753
0 0.043596 0.707686 0.060957 0.216753