0 0.047577 0.175738 0.089317 0.205902
0 0.145067 0.179672 0.089317 0.205902
0 0.252481 0.196721 0.096322 0.179672
0 0.354057 0.190164 0.096322 0.179672
0 0.462639 0.190492 0.099825 0.173770
0 0.571220 0.188197 0.098657 0.171803
0 0.685055 0.186230 0.100992 0.177049
0 0.794804 0.186885 0.100992 0.177049
0 0.905137 0.186885 0.100992 0.177049
0 0.896964 0.525246 0.099825 0.170492
0 0.786632 0.523934 0.099825 0.170492
0 0.683304 0.523934 0.099825 0.170492
0 0.572388 0.520656 0.099825 0.170492
0 0.462055 0.524590 0.099825 0.170492
0 0.362230 0.510164 0.098657 0.203279
0 0.250146 0.514098 0.098657 0.203279
0 0.150905 0.512787 0.098657 0.203279
0 0.048453 0.513443 0.087566 0.192787
0 0.061296 0.850492 0.091068 0.175738
0 0.161705 0.847213 0.091068 0.175738
0 0.260362 0.849836 0.091068 0.175738
0 0.370111 0.849836 0.091068 0.175738
0 0.475190 0.853115 0.091068 0.175738
0 0.583187 0.851803 0.091068 0.175738
0 0.681845 0.854426 0.091068 0.175738
0 0.791594 0.856393 0.091068 0.175738
0 0.895505 0.857705 0.091068 0.175738
