0 0.090664 0.180708 0.062500 0.164835
0 0.182099 0.185897 0.061728 0.154457
0 0.245370 0.185897 0.061728 0.154457
0 0.322338 0.180403 0.065201 0.182540
0 0.391011 0.183455 0.065201 0.182540
0 0.460455 0.208486 0.071373 0.150794
0 0.532600 0.213980 0.062886 0.150794
0 0.597415 0.223138 0.062886 0.150794
0 0.666088 0.227411 0.062886 0.150794
0 0.733218 0.234127 0.062886 0.150794
0 0.798804 0.223138 0.061343 0.178877
0 0.867863 0.223138 0.061343 0.178877
0 0.853202 0.562882 0.066744 0.147741
0 0.788002 0.561661 0.066744 0.147741
0 0.717785 0.554945 0.066744 0.147741
0 0.650656 0.551282 0.066744 0.147741
0 0.588542 0.545177 0.066744 0.147741
0 0.517361 0.540293 0.061728 0.148962
0 0.451775 0.537851 0.061728 0.148962
0 0.388117 0.528694 0.061728 0.148962
0 0.320216 0.526862 0.061728 0.148962
0 0.252315 0.521978 0.061728 0.148962
0 0.182870 0.519536 0.061728 0.148962
0 0.117670 0.512821 0.061728 0.148962
0 0.104938 0.840659 0.061728 0.148962
0 0.172840 0.842491 0.061728 0.148962
0 0.241898 0.844933 0.061728 0.148962
0 0.706790 0.874237 0.061728 0.148962
0 0.313272 0.844933 0.061728 0.148962
0 0.379630 0.853480 0.061728 0.148962
0 0.444830 0.857143 0.061728 0.148962
0 0.511188 0.861416 0.061728 0.148962
0 0.572531 0.860806 0.061728 0.148962
0 0.638117 0.868132 0.061728 0.148962
0 0.770448 0.879121 0.061728 0.148962
0 0.839506 0.879731 0.061728 0.148962
