0 0.074363 0.204545 0.075071 0.086777
0 0.152975 0.202479 0.075071 0.086777
0 0.235836 0.206612 0.075071 0.086777
0 0.310907 0.201446 0.075071 0.086777
0 0.398371 0.197314 0.077195 0.105372
0 0.631020 0.198347 0.075071 0.103306
0 0.550637 0.197314 0.077195 0.105372
0 0.474150 0.201963 0.077195 0.105372
0 0.707507 0.208161 0.075071 0.086777
0 0.780453 0.207128 0.075071 0.086777
0 0.866147 0.206095 0.075071 0.086777
0 0.939802 0.208161 0.075071 0.086777
0 0.081445 0.361829 0.070822 0.072831
0 0.163598 0.359246 0.070822 0.072831
0 0.247875 0.357180 0.070822 0.072831
0 0.322946 0.356663 0.070822 0.072831
0 0.402975 0.352014 0.067989 0.098657
0 0.476629 0.354081 0.067989 0.098657
0 0.556657 0.358213 0.070822 0.072831
0 0.634561 0.358213 0.070822 0.072831
0 0.720255 0.361829 0.070822 0.072831
0 0.798159 0.366477 0.070822 0.072831
0 0.869334 0.352273 0.074363 0.097107
0 0.936615 0.353564 0.057365 0.095558
0 0.090297 0.521952 0.070113 0.081095
0 0.171742 0.518853 0.070113 0.081095
0 0.714943 0.516787 0.070113 0.081095
0 0.642705 0.516787 0.070113 0.081095
0 0.563385 0.519370 0.070113 0.081095
0 0.486898 0.520403 0.070113 0.081095
0 0.409703 0.520403 0.070113 0.081095
0 0.334632 0.516787 0.070113 0.081095
0 0.251062 0.517820 0.070113 0.081095
0 0.793555 0.513171 0.070113 0.081095
0 0.865793 0.518853 0.070113 0.081095
0 0.936615 0.513688 0.060198 0.081095
0 0.090297 0.675878 0.070113 0.081095
0 0.166785 0.673812 0.070113 0.081095
0 0.246813 0.674845 0.070113 0.081095
0 0.321176 0.671746 0.070113 0.081095
0 0.404037 0.671746 0.070113 0.081095
0 0.474858 0.672779 0.070113 0.081095
0 0.552054 0.671746 0.070113 0.081095
0 0.632082 0.667614 0.070113 0.081095
0 0.701487 0.666581 0.070113 0.081095
0 0.775142 0.667614 0.070113 0.081095
0 0.852337 0.669163 0.070113 0.081095
0 0.925992 0.666064 0.071530 0.072831
0 0.088881 0.828771 0.070113 0.081095
0 0.183782 0.826705 0.070113 0.081095
0 0.250354 0.824638 0.070113 0.081095
0 0.332507 0.818698 0.075779 0.095041
0 0.411827 0.823605 0.070113 0.081095
0 0.793909 0.810950 0.062323 0.090909
0 0.720963 0.816116 0.066572 0.078512
0 0.640227 0.819990 0.059490 0.077996
0 0.566218 0.815083 0.070113 0.087810
0 0.490439 0.825671 0.070113 0.081095
0 0.867564 0.809917 0.062323 0.090909
0 0.938385 0.818698 0.059490 0.075413
0 0.081445 0.967975 0.062323 0.064050
0 0.241856 0.957645 0.064448 0.074380
0 0.165014 0.966942 0.062323 0.064050
0 0.319759 0.959711 0.064448 0.074380
0 0.394122 0.962810 0.064448 0.074380
0 0.469901 0.966684 0.060198 0.066632
0 0.545326 0.965651 0.063739 0.068698
0 0.627125 0.962810 0.064448 0.074380
0 0.711402 0.955062 0.064448 0.074380
0 0.777975 0.953771 0.065864 0.083161
0 0.853045 0.955062 0.064448 0.074380
0 0.926700 0.961777 0.064448 0.074380
