0 0.140606 0.292038 0.109091 0.270351
0 0.527273 0.305110 0.109091 0.270351
0 0.392727 0.298574 0.109091 0.270351
0 0.256162 0.299168 0.109091 0.270351
0 0.907475 0.310458 0.101818 0.251337
0 0.774949 0.310755 0.101818 0.261438
0 0.653333 0.306892 0.109091 0.270351
0 0.143030 0.711527 0.109091 0.270351
0 0.261212 0.732323 0.110303 0.233512
0 0.491515 0.729352 0.101414 0.232323
0 0.378788 0.734106 0.110303 0.233512
0 0.606667 0.712715 0.101414 0.281046
0 0.927879 0.674688 0.075556 0.275104
0 0.717576 0.726381 0.098586 0.224005
0 0.821414 0.721628 0.098586 0.224005
