0 0.057589 0.193059 0.077679 0.177224
0 0.141964 0.197102 0.077679 0.177224
0 0.221429 0.203167 0.077679 0.177224
0 0.311161 0.209232 0.077679 0.177224
0 0.391964 0.216644 0.077679 0.177224
0 0.470982 0.224057 0.077679 0.177224
0 0.550446 0.230121 0.071429 0.174528
0 0.627232 0.234838 0.071429 0.174528
0 0.708482 0.241577 0.071429 0.174528
0 0.790179 0.251685 0.071429 0.174528
0 0.874554 0.254380 0.071429 0.174528
0 0.944196 0.256402 0.071429 0.174528
0 0.904464 0.594003 0.072321 0.155660
0 0.829464 0.601415 0.072321 0.155660
0 0.759821 0.583221 0.071429 0.188005
0 0.686161 0.573113 0.071429 0.188005
0 0.603125 0.584569 0.057143 0.155660
0 0.539732 0.575809 0.057143 0.155660
0 0.457589 0.558625 0.065179 0.180593
0 0.383482 0.570081 0.066964 0.153639
0 0.304464 0.564690 0.066964 0.153639
0 0.228125 0.543464 0.075000 0.174528
0 0.153571 0.554919 0.075000 0.148922
0 0.072321 0.548181 0.075000 0.148922
0 0.156473 0.869272 0.067411 0.128032
0 0.231027 0.860512 0.063839 0.161725
0 0.299330 0.866577 0.063839 0.161725
0 0.375893 0.879043 0.061607 0.131402
0 0.445982 0.884434 0.061607 0.131402
0 0.519196 0.887129 0.061607 0.131402
0 0.588393 0.880391 0.061607 0.131402
0 0.662054 0.893531 0.059821 0.121294
0 0.731696 0.905660 0.059821 0.121294
0 0.801786 0.904313 0.059821 0.121294
0 0.879464 0.894205 0.059821 0.121294
