0 0.024295 0.081633 0.039185 0.089355
0 0.065831 0.084942 0.039185 0.089355
0 0.106975 0.093216 0.036834 0.079426
0 0.144592 0.093216 0.036834 0.079426
0 0.187696 0.095422 0.036834 0.079426
0 0.229232 0.098731 0.036834 0.079426
0 0.273119 0.103144 0.036834 0.079426
0 0.313871 0.105350 0.036834 0.079426
0 0.353840 0.107557 0.036834 0.079426
0 0.352273 0.264203 0.036834 0.079426
0 0.310737 0.264203 0.036834 0.079426
0 0.270768 0.259790 0.036834 0.079426
0 0.230799 0.260894 0.036834 0.079426
0 0.189263 0.256481 0.036834 0.079426
0 0.150470 0.249862 0.036050 0.092664
0 0.105799 0.252068 0.036050 0.092664
0 0.067398 0.247656 0.036050 0.092664
0 0.028213 0.246553 0.036050 0.092664
0 0.038009 0.402648 0.035266 0.076117
0 0.075627 0.405957 0.035266 0.076117
0 0.112461 0.404854 0.035266 0.076117
0 0.155564 0.407060 0.035266 0.076117
0 0.196317 0.409266 0.035266 0.076117
0 0.232367 0.408163 0.035266 0.076117
0 0.274687 0.411473 0.035266 0.076117
0 0.310737 0.412576 0.035266 0.076117
0 0.348354 0.412576 0.035266 0.076117
0 0.348354 0.560397 0.035266 0.076117
0 0.309953 0.557088 0.035266 0.076117
0 0.269984 0.559294 0.035266 0.076117
0 0.232367 0.555985 0.035266 0.076117
0 0.193182 0.555985 0.035266 0.076117
0 0.153213 0.555985 0.035266 0.076117
0 0.115596 0.555985 0.035266 0.076117
0 0.077194 0.552675 0.035266 0.076117
0 0.038009 0.554881 0.035266 0.076117
0 0.048981 0.683949 0.035266 0.076117
0 0.082680 0.682846 0.035266 0.076117
0 0.121082 0.691671 0.035266 0.076117
0 0.160266 0.691671 0.035266 0.076117
0 0.277821 0.828461 0.035266 0.076117
0 0.198668 0.691671 0.035266 0.076117
0 0.235502 0.697187 0.035266 0.076117
0 0.278605 0.692774 0.035266 0.076117
0 0.311520 0.697187 0.035266 0.076117
0 0.350705 0.692774 0.035266 0.076117
0 0.349138 0.832874 0.035266 0.076117
0 0.237069 0.828461 0.035266 0.076117
0 0.277038 0.827358 0.035266 0.076117
0 0.201019 0.826255 0.035266 0.076117
0 0.161834 0.820739 0.035266 0.076117
0 0.128135 0.818533 0.035266 0.076117
0 0.082680 0.822945 0.035266 0.076117
0 0.053683 0.820739 0.035266 0.076117
0 0.061912 0.946498 0.034483 0.069498
0 0.105016 0.947601 0.034483 0.069498
0 0.134013 0.948704 0.034483 0.069498
0 0.169279 0.953116 0.034483 0.069498
0 0.202978 0.952013 0.034483 0.069498
0 0.239812 0.952013 0.034483 0.069498
0 0.278997 0.954220 0.034483 0.069498
0 0.278213 0.953116 0.034483 0.069498
0 0.311912 0.952013 0.034483 0.069498
0 0.346395 0.949807 0.034483 0.069498
0 0.385580 0.958632 0.034483 0.069498
0 0.422414 0.958632 0.034483 0.069498
0 0.456113 0.960838 0.034483 0.069498
0 0.491379 0.956426 0.034483 0.069498
0 0.525862 0.954220 0.034483 0.069498
0 0.561129 0.957529 0.034483 0.069498
0 0.594044 0.958632 0.034483 0.069498
0 0.631661 0.958632 0.034483 0.069498
0 0.557994 0.821842 0.034483 0.069498
0 0.519592 0.825152 0.034483 0.069498
0 0.478448 0.837286 0.033699 0.060673
0 0.440831 0.836183 0.033699 0.060673
0 0.407132 0.835080 0.033699 0.060673
0 0.405956 0.699393 0.032915 0.069498
0 0.445141 0.694981 0.032915 0.069498
0 0.480408 0.692774 0.032915 0.069498
0 0.517241 0.691671 0.032915 0.069498
0 0.552508 0.690568 0.032915 0.069498
0 0.586207 0.692774 0.032915 0.069498
0 0.592868 0.573635 0.033699 0.069498
0 0.560737 0.573635 0.033699 0.069498
0 0.519984 0.572532 0.033699 0.069498
0 0.484718 0.570325 0.033699 0.069498
0 0.445533 0.568119 0.033699 0.069498
0 0.411834 0.562603 0.033699 0.069498
0 0.413401 0.408715 0.030564 0.083839
0 0.451019 0.410921 0.030564 0.083839
0 0.484718 0.416437 0.030564 0.083839
0 0.525862 0.421401 0.031348 0.078323
0 0.561912 0.424710 0.031348 0.078323
0 0.599530 0.423607 0.031348 0.078323
0 0.604232 0.280199 0.031348 0.078323
0 0.565831 0.280199 0.031348 0.078323
0 0.531348 0.274683 0.031348 0.078323
0 0.492947 0.273580 0.031348 0.078323
0 0.449843 0.271373 0.031348 0.078323
0 0.411442 0.266961 0.031348 0.078323
0 0.411442 0.111418 0.036050 0.084942
0 0.451411 0.113624 0.036050 0.084942
0 0.490596 0.116933 0.036050 0.084942
0 0.531348 0.122449 0.036050 0.084942
0 0.569749 0.127965 0.036050 0.084942
0 0.611285 0.126862 0.036050 0.084942
0 0.671238 0.120794 0.033699 0.097077
0 0.708856 0.129068 0.036834 0.084942
0 0.748041 0.131274 0.036834 0.084942
0 0.784875 0.135687 0.036834 0.084942
0 0.825627 0.138996 0.036834 0.084942
0 0.867947 0.137893 0.036834 0.084942
0 0.897727 0.138996 0.036834 0.084942
0 0.933777 0.144512 0.036834 0.084942
0 0.972179 0.148924 0.036834 0.084942
0 0.956897 0.292333 0.029781 0.076117
0 0.920846 0.292333 0.029781 0.076117
0 0.884796 0.290127 0.029781 0.076117
0 0.850313 0.286817 0.029781 0.076117
0 0.815047 0.284611 0.029781 0.076117
0 0.779389 0.278544 0.032132 0.090458
0 0.738636 0.282956 0.035266 0.077220
0 0.701803 0.281853 0.035266 0.077220
0 0.659483 0.279647 0.035266 0.077220
0 0.655564 0.425262 0.035266 0.077220
0 0.690047 0.429675 0.035266 0.077220
0 0.726097 0.429675 0.035266 0.077220
0 0.763323 0.427468 0.031348 0.075014
0 0.797806 0.429675 0.031348 0.075014
0 0.840125 0.434087 0.031348 0.075014
0 0.873824 0.434087 0.031348 0.075014
0 0.909875 0.430778 0.029781 0.083839
0 0.941223 0.430778 0.029781 0.083839
0 0.937304 0.574186 0.034483 0.070601
0 0.898903 0.575290 0.034483 0.070601
0 0.867555 0.574186 0.034483 0.070601
0 0.831505 0.570877 0.034483 0.070601
0 0.796238 0.567016 0.029781 0.082736
0 0.755486 0.565913 0.029781 0.082736
0 0.717476 0.568671 0.030564 0.070601
0 0.686912 0.565361 0.030564 0.070601
0 0.650862 0.568671 0.030564 0.070601
0 0.643025 0.702151 0.030564 0.070601
0 0.674373 0.706564 0.030564 0.070601
0 0.713558 0.706564 0.030564 0.070601
0 0.747257 0.708770 0.030564 0.070601
0 0.785658 0.707667 0.030564 0.070601
0 0.820925 0.708770 0.030564 0.070601
0 0.855408 0.701048 0.030564 0.070601
0 0.889890 0.704357 0.027429 0.081633
0 0.920455 0.699945 0.027429 0.081633
0 0.912226 0.834528 0.032915 0.061776
0 0.880094 0.835632 0.032915 0.061776
0 0.844044 0.834528 0.032915 0.061776
0 0.808777 0.829013 0.032915 0.061776
0 0.774295 0.827910 0.032915 0.061776
0 0.742947 0.830116 0.032915 0.061776
0 0.707288 0.830667 0.033699 0.071704
0 0.668887 0.830667 0.033699 0.071704
0 0.639107 0.829564 0.033699 0.071704
0 0.663793 0.958632 0.028213 0.065085
0 0.692790 0.954220 0.028213 0.065085
0 0.728840 0.950910 0.028213 0.065085
0 0.762539 0.955323 0.028213 0.065085
0 0.789185 0.956426 0.028213 0.065085
0 0.825235 0.955323 0.028213 0.065085
0 0.861285 0.961942 0.028213 0.065085
0 0.899687 0.949807 0.028213 0.065085
