0 0.056307 0.091167 0.075076 0.124483
0 0.137931 0.090134 0.075076 0.124483
0 0.213444 0.093750 0.075076 0.124483
0 0.293540 0.098399 0.070275 0.127583
0 0.366870 0.100465 0.070275 0.127583
0 0.444129 0.104081 0.070275 0.127583
0 0.575949 0.104081 0.070275 0.127583
0 0.649280 0.107180 0.070275 0.127583
0 0.792885 0.111570 0.069402 0.118802
0 0.863597 0.111570 0.069402 0.118802
0 0.933435 0.111570 0.069402 0.118802
0 0.937145 0.369060 0.063728 0.135847
0 0.866434 0.366994 0.063728 0.135847
0 0.791139 0.379390 0.061545 0.108988
0 0.717809 0.378357 0.061545 0.108988
0 0.632038 0.376550 0.066347 0.117769
0 0.563509 0.376550 0.066347 0.117769
0 0.476211 0.376550 0.066347 0.117769
0 0.391532 0.374483 0.066347 0.117769
0 0.319511 0.371384 0.066347 0.117769
0 0.232213 0.367252 0.066347 0.117769
0 0.146661 0.369318 0.066347 0.117769
0 0.072457 0.368285 0.066347 0.117769
0 0.078132 0.622676 0.062855 0.105888
0 0.152335 0.626808 0.062855 0.105888
0 0.223920 0.617252 0.074203 0.135331
0 0.298996 0.625258 0.061982 0.104855
0 0.385203 0.624742 0.061545 0.107955
0 0.470755 0.625775 0.061545 0.107955
0 0.540157 0.619835 0.064164 0.121901
0 0.607377 0.619835 0.064164 0.121901
0 0.668267 0.627583 0.060236 0.106405
0 0.735050 0.626550 0.060236 0.106405
0 0.798341 0.615702 0.056744 0.118802
0 0.863378 0.613636 0.056744 0.118802
0 0.925360 0.628099 0.056744 0.099174
0 0.911829 0.844525 0.056744 0.099174
0 0.844391 0.854597 0.057180 0.092459
0 0.780227 0.850465 0.057180 0.092459
0 0.716063 0.856147 0.057180 0.092459
0 0.655827 0.856147 0.057180 0.092459
0 0.592318 0.854597 0.060236 0.116219
0 0.528154 0.853564 0.060236 0.116219
0 0.462244 0.862603 0.058490 0.106405
0 0.398952 0.866219 0.058490 0.106405
0 0.308599 0.855630 0.057617 0.114153
0 0.237451 0.855888 0.061982 0.121901
0 0.169795 0.862603 0.061982 0.098140
0 0.105631 0.859504 0.061982 0.098140
