0 0.033372 0.206209 0.064429 0.181046
0 0.100502 0.216667 0.064429 0.181046
0 0.165702 0.220588 0.064429 0.181046
0 0.234761 0.219281 0.064429 0.181046
0 0.301119 0.228431 0.064429 0.181046
0 0.371335 0.233660 0.064429 0.181046
0 0.440394 0.233660 0.064429 0.181046
0 0.508102 0.232026 0.062500 0.210458
0 0.576003 0.244444 0.070988 0.183007
0 0.645062 0.246405 0.070988 0.183007
0 0.716049 0.250980 0.070988 0.183007
0 0.783565 0.257516 0.067130 0.176471
0 0.853395 0.257516 0.067130 0.176471
0 0.929398 0.260784 0.067130 0.176471
0 0.883102 0.577778 0.057870 0.181699
0 0.819637 0.575163 0.058256 0.158170
0 0.755208 0.572549 0.058256 0.158170
0 0.692323 0.568627 0.058256 0.158170
0 0.630980 0.574510 0.058256 0.158170
0 0.563850 0.567320 0.058256 0.158170
0 0.500193 0.560131 0.058256 0.158170
0 0.434221 0.557516 0.058256 0.158170
0 0.369406 0.553595 0.058256 0.158170
0 0.303434 0.547712 0.058256 0.158170
0 0.239776 0.545098 0.058256 0.158170
0 0.172647 0.537908 0.058256 0.158170
0 0.112076 0.523203 0.057485 0.179739
0 0.051890 0.521895 0.057485 0.179739
0 0.067708 0.800327 0.057485 0.179739
0 0.141204 0.800327 0.051698 0.157516
0 0.199267 0.807190 0.062886 0.171242
0 0.267940 0.814379 0.062886 0.171242
0 0.333140 0.835948 0.055170 0.150327
0 0.392940 0.830719 0.055170 0.150327
0 0.453897 0.828105 0.053627 0.164706
0 0.577739 0.857843 0.055941 0.141830
0 0.637539 0.862418 0.055941 0.141830
0 0.701968 0.863725 0.055941 0.141830
0 0.775463 0.865359 0.060185 0.189542
0 0.841821 0.862092 0.060185 0.189542
0 0.904707 0.871242 0.060185 0.189542
