0 0.075231 0.094351 0.074846 0.180288
0 0.153935 0.097356 0.074846 0.180288
0 0.236111 0.103966 0.074846 0.180288
0 0.312500 0.109375 0.074846 0.180288
0 0.397377 0.112981 0.074846 0.180288
0 0.475694 0.119591 0.074846 0.180288
0 0.552083 0.125000 0.074846 0.180288
0 0.630787 0.131611 0.074846 0.180288
0 0.715664 0.139423 0.074846 0.180288
0 0.789352 0.142428 0.074846 0.180288
0 0.872685 0.150240 0.074846 0.180288
0 0.945602 0.153245 0.074846 0.180288
0 0.929784 0.526442 0.069444 0.170673
0 0.854938 0.521034 0.069444 0.170673
0 0.776235 0.517428 0.069444 0.170673
0 0.696759 0.515024 0.069444 0.170673
0 0.621528 0.511418 0.069444 0.170673
0 0.548611 0.508413 0.069444 0.170673
0 0.471451 0.506010 0.069444 0.170673
0 0.398534 0.499399 0.069444 0.170673
0 0.322917 0.490385 0.069444 0.170673
0 0.237654 0.492188 0.069444 0.170673
0 0.161265 0.484375 0.069444 0.170673
0 0.081019 0.480168 0.069444 0.170673
0 0.092978 0.826923 0.066358 0.155048
0 0.165123 0.831130 0.066358 0.155048
0 0.239969 0.821214 0.069444 0.188101
0 0.313657 0.837740 0.069444 0.147837
0 0.386960 0.834736 0.069444 0.147837
0 0.459298 0.828425 0.065201 0.173678
0 0.540895 0.847656 0.062500 0.150841
0 0.599923 0.851863 0.062500 0.150841
0 0.678627 0.839844 0.072531 0.182091
0 0.748457 0.844050 0.072531 0.182091
0 0.817708 0.860577 0.070602 0.152644
0 0.887153 0.858173 0.070602 0.152644
