0 0.074679 0.236239 0.100890 0.192661
0 0.173838 0.250573 0.092483 0.168578
0 0.273739 0.255734 0.092483 0.168578
0 0.367705 0.259174 0.092483 0.168578
0 0.465628 0.264335 0.092483 0.168578
0 0.563056 0.263188 0.092483 0.168578
0 0.659001 0.272362 0.092483 0.168578
0 0.756924 0.268922 0.092483 0.168578
0 0.854847 0.274083 0.092483 0.168578
0 0.843472 0.575688 0.080613 0.154817
0 0.751978 0.573968 0.080613 0.154817
0 0.656034 0.568234 0.080613 0.154817
0 0.555143 0.568234 0.080613 0.154817
0 0.471068 0.564794 0.080613 0.154817
0 0.384273 0.554186 0.081108 0.173739
0 0.275964 0.567087 0.085064 0.162844
0 0.176063 0.560780 0.085064 0.162844
0 0.078140 0.558486 0.085064 0.162844
0 0.083086 0.861239 0.088032 0.154817
0 0.168645 0.861239 0.088032 0.154817
0 0.263600 0.861239 0.088032 0.154817
0 0.355094 0.861239 0.088032 0.154817
0 0.448318 0.864679 0.084570 0.149083
0 0.549703 0.862385 0.084570 0.149083
0 0.643175 0.864679 0.084570 0.149083
0 0.733432 0.853211 0.079130 0.174312
0 0.829871 0.852064 0.079130 0.174312
