0 0.048294 0.238427 0.088490 0.173748
0 0.146617 0.240330 0.088490 0.173748
0 0.250145 0.241598 0.094274 0.176284
0 0.356564 0.243500 0.094274 0.176284
0 0.467033 0.243500 0.094274 0.176284
0 0.578658 0.245403 0.094274 0.176284
0 0.680451 0.244134 0.094274 0.176284
0 0.790920 0.244769 0.094274 0.176284
0 0.898496 0.244769 0.094274 0.176284
0 0.890399 0.568802 0.095431 0.166138
0 0.786293 0.563094 0.095431 0.166138
0 0.673511 0.563094 0.095431 0.166138
0 0.570561 0.563729 0.095431 0.166138
0 0.461828 0.556119 0.095431 0.166138
0 0.361770 0.560558 0.095431 0.166138
0 0.254193 0.559290 0.095431 0.166138
0 0.152400 0.555485 0.095431 0.166138
0 0.049451 0.556753 0.095431 0.166138
0 0.069404 0.836715 0.096009 0.174382
0 0.169751 0.839569 0.095431 0.166138
0 0.266339 0.854788 0.095431 0.155992
0 0.368710 0.849715 0.095431 0.155992
0 0.479757 0.857324 0.095431 0.155992
0 0.575188 0.858592 0.095431 0.155992
0 0.678716 0.865568 0.095431 0.155992
0 0.786293 0.865568 0.095431 0.155992
0 0.885772 0.871909 0.095431 0.155992
