0 0.151376 0.330732 0.115277 0.320528
0 0.268847 0.352641 0.112485 0.275510
0 0.501197 0.365546 0.104906 0.265306
0 0.386119 0.362245 0.112485 0.275510
0 0.615277 0.341837 0.102513 0.297119
0 0.727164 0.362245 0.096530 0.250300
0 0.935580 0.312725 0.069805 0.283313
0 0.834464 0.373049 0.096530 0.250300
0 0.159553 0.760804 0.104507 0.270708
0 0.277822 0.798019 0.103311 0.241897
0 0.494416 0.799220 0.103311 0.241897
0 0.387914 0.794418 0.103311 0.241897
0 0.601715 0.785114 0.080176 0.272509
0 0.913841 0.779412 0.085361 0.276711
0 0.811129 0.783914 0.080176 0.272509
0 0.715397 0.778511 0.080176 0.272509
