0 0.137648 0.144892 0.104468 0.169355
0 0.377135 0.150269 0.116951 0.165054
0 0.248686 0.148925 0.100526 0.161290
0 0.507227 0.154570 0.109067 0.162903
0 0.614323 0.154032 0.078844 0.170430
0 0.900131 0.161559 0.078844 0.170430
0 0.804862 0.160484 0.078844 0.170430
0 0.708279 0.151882 0.078844 0.170430
0 0.133049 0.404032 0.100526 0.142473
0 0.515440 0.414247 0.100526 0.142473
0 0.380092 0.409409 0.100526 0.142473
0 0.248029 0.404570 0.100526 0.142473
0 0.767083 0.416935 0.100526 0.142473
0 0.635020 0.410484 0.100526 0.142473
0 0.886005 0.414247 0.100526 0.142473
0 0.135677 0.629839 0.100526 0.138172
0 0.592970 0.631989 0.100526 0.138172
0 0.244087 0.644355 0.100526 0.127419
0 0.476018 0.642204 0.100526 0.127419
0 0.354468 0.640054 0.100526 0.127419
0 0.705322 0.643280 0.100526 0.127419
0 0.805191 0.644624 0.087385 0.121505
0 0.905716 0.616129 0.070302 0.152688
0 0.246715 0.878226 0.100526 0.127419
0 0.470762 0.877151 0.100526 0.127419
0 0.356439 0.878226 0.100526 0.127419
0 0.133377 0.866935 0.107753 0.146774
0 0.577201 0.868548 0.083443 0.154301
0 0.793364 0.868548 0.083443 0.154301
0 0.689553 0.864247 0.083443 0.154301
0 0.887976 0.866398 0.083443 0.154301
