0 0.111111 0.225674 0.065586 0.150059
0 0.177469 0.231536 0.065586 0.150059
0 0.250386 0.234467 0.065586 0.150059
0 0.321759 0.243259 0.065586 0.150059
0 0.390432 0.242087 0.065586 0.150059
0 0.454475 0.248535 0.065586 0.150059
0 0.525077 0.255569 0.065586 0.150059
0 0.596451 0.257913 0.065586 0.150059
0 0.659336 0.262016 0.065586 0.150059
0 0.728009 0.267292 0.065586 0.150059
0 0.791667 0.266120 0.065586 0.150059
0 0.864969 0.273740 0.065586 0.150059
0 0.850309 0.585873 0.060957 0.144783
0 0.785301 0.577960 0.060571 0.154748
0 0.720679 0.573857 0.060185 0.148886
0 0.649113 0.571219 0.062886 0.145955
0 0.583912 0.564185 0.062886 0.145955
0 0.523341 0.564185 0.062886 0.145955
0 0.458140 0.560668 0.062886 0.145955
0 0.392940 0.556565 0.062886 0.145955
0 0.328897 0.550703 0.062886 0.145955
0 0.254630 0.553341 0.064043 0.144197
0 0.185957 0.552169 0.064043 0.144197
0 0.118441 0.546307 0.064043 0.144197
0 0.124807 0.842028 0.057485 0.137749
0 0.186921 0.846131 0.057485 0.137749
0 0.253665 0.834115 0.059799 0.159437
0 0.317323 0.848183 0.060571 0.133646
0 0.381944 0.848183 0.057099 0.133646
0 0.446759 0.843787 0.055556 0.157679
0 0.511960 0.851407 0.055556 0.127198
0 0.572531 0.851407 0.055556 0.127198
0 0.640818 0.842028 0.059414 0.156506
0 0.701389 0.848476 0.059414 0.156506
0 0.761188 0.863423 0.061728 0.128957
0 0.824846 0.858734 0.061728 0.128957
