0 0.048443 0.148609 0.092734 0.156306
0 0.146021 0.150977 0.092734 0.156306
0 0.249481 0.163114 0.094810 0.135583
0 0.350519 0.163114 0.094810 0.135583
0 0.463668 0.164890 0.105190 0.135583
0 0.572318 0.161930 0.105190 0.135583
0 0.683737 0.159562 0.105190 0.135583
0 0.795156 0.158378 0.105190 0.135583
0 0.905190 0.158970 0.105190 0.135583
0 0.896540 0.420367 0.094810 0.132623
0 0.782353 0.422143 0.094810 0.132623
0 0.682007 0.420959 0.094810 0.132623
0 0.570588 0.419775 0.094810 0.132623
0 0.462630 0.417407 0.094810 0.132623
0 0.360208 0.407046 0.098962 0.150977
0 0.246713 0.409414 0.098962 0.150977
0 0.153979 0.407046 0.098962 0.150977
0 0.045675 0.408822 0.084429 0.149793
0 0.061592 0.665483 0.094118 0.129070
0 0.160554 0.666075 0.094118 0.129070
0 0.262976 0.666075 0.094118 0.129070
0 0.368858 0.667259 0.094118 0.129070
0 0.472664 0.668443 0.094118 0.129070
0 0.582699 0.664890 0.094118 0.129070
0 0.682353 0.667851 0.094118 0.129070
0 0.788927 0.665483 0.094118 0.129070
0 0.890311 0.669035 0.086505 0.131439
0 0.886159 0.914150 0.086505 0.131439
0 0.787197 0.917703 0.086505 0.131439
0 0.674394 0.915335 0.086505 0.131439
0 0.569204 0.915335 0.086505 0.131439
0 0.470934 0.910598 0.086505 0.131439
0 0.366436 0.910598 0.086505 0.131439
0 0.259170 0.910598 0.086505 0.131439
0 0.160208 0.907046 0.086505 0.131439
0 0.057785 0.908230 0.086505 0.131439
