0 0.103588 0.335486 0.111497 0.266012
0 0.511960 0.347624 0.101080 0.255165
0 0.363233 0.341167 0.111497 0.266012
0 0.230903 0.330320 0.111497 0.266012
0 0.639853 0.358729 0.099151 0.239153
0 0.891011 0.363895 0.089120 0.236054
0 0.771026 0.361829 0.099151 0.239153
0 0.097801 0.760331 0.108410 0.275826
0 0.487076 0.758781 0.111497 0.280992
0 0.355903 0.757748 0.122299 0.278926
0 0.227431 0.761880 0.113040 0.278926
0 0.883295 0.736829 0.076775 0.257748
0 0.696952 0.733729 0.076775 0.257748
0 0.598573 0.740444 0.076775 0.257748
0 0.790702 0.737862 0.076775 0.257748
