0 0.193599 0.205320 0.096240 0.200930
0 0.554834 0.221333 0.090868 0.193698
0 0.425470 0.213068 0.096240 0.200930
0 0.304611 0.205320 0.096240 0.200930
0 0.668308 0.228564 0.087735 0.177169
0 0.897046 0.236312 0.079678 0.177169
0 0.784691 0.232180 0.087735 0.177169
0 0.181961 0.525310 0.100716 0.207645
0 0.415175 0.530992 0.100716 0.207645
0 0.297449 0.530992 0.100716 0.207645
0 0.533348 0.532541 0.100716 0.207645
0 0.630483 0.522469 0.075649 0.207128
0 0.886974 0.523502 0.075649 0.207128
0 0.800134 0.525052 0.075649 0.207128
0 0.714637 0.519370 0.075649 0.207128
0 0.176813 0.878099 0.095792 0.202479
0 0.534915 0.864669 0.095792 0.202479
0 0.412265 0.872417 0.095792 0.202479
0 0.286482 0.873967 0.095792 0.202479
0 0.655774 0.857696 0.095792 0.184401
0 0.887198 0.852531 0.095792 0.184401
0 0.769472 0.853564 0.095792 0.184401
