0 0.027585 0.105693 0.054398 0.156144
0 0.093364 0.106539 0.067901 0.165727
0 0.164738 0.106539 0.067901 0.165727
0 0.233025 0.109921 0.067901 0.165727
0 0.304784 0.113303 0.067901 0.165727
0 0.377508 0.114994 0.068287 0.165727
0 0.449460 0.117249 0.067901 0.165727
0 0.525270 0.109357 0.063657 0.189402
0 0.598765 0.125423 0.075617 0.162909
0 0.672068 0.125423 0.075617 0.162909
0 0.746142 0.133878 0.075617 0.162909
0 0.820988 0.136133 0.075617 0.162909
0 0.889468 0.137542 0.070602 0.163472
0 0.964506 0.143179 0.070988 0.163472
0 0.910687 0.429820 0.078318 0.182074
0 0.845486 0.439966 0.066744 0.155017
0 0.781443 0.438839 0.066744 0.155017
0 0.716049 0.432920 0.068673 0.149944
0 0.652199 0.430665 0.066744 0.145434
0 0.583912 0.429538 0.066744 0.145434
0 0.514853 0.427283 0.066744 0.145434
0 0.445409 0.419109 0.065972 0.142616
0 0.377894 0.414600 0.065972 0.142616
0 0.311150 0.408963 0.065972 0.142616
0 0.245177 0.407835 0.065972 0.142616
0 0.179205 0.402198 0.065972 0.142616
0 0.111883 0.386133 0.056327 0.171364
0 0.048997 0.388388 0.056327 0.171364
0 0.074460 0.639233 0.061728 0.156708
0 0.146026 0.638388 0.056713 0.145998
0 0.207755 0.640643 0.065201 0.143743
0 0.276813 0.639515 0.065201 0.143743
0 0.342593 0.664318 0.062500 0.120068
0 0.404321 0.654171 0.062500 0.120068
0 0.467593 0.653890 0.058642 0.145434
0 0.592207 0.688557 0.063272 0.124577
0 0.650849 0.691939 0.063272 0.124577
0 0.716049 0.693067 0.063272 0.124577
0 0.794367 0.690530 0.080247 0.161218
0 0.864583 0.680665 0.067130 0.166291
0 0.922840 0.701522 0.078704 0.150507
0 0.872492 0.917136 0.069059 0.135287
0 0.810764 0.910654 0.059028 0.131342
0 0.745177 0.908963 0.061343 0.125705
0 0.677662 0.906708 0.061343 0.125705
0 0.616705 0.899380 0.061343 0.125705
0 0.559414 0.902480 0.059414 0.114994
0 0.500579 0.914318 0.055170 0.109357
0 0.441937 0.906426 0.055170 0.109357
0 0.385610 0.891206 0.055170 0.109357
0 0.325424 0.890079 0.055170 0.109357
0 0.271026 0.885569 0.055170 0.109357
0 0.209684 0.885569 0.055170 0.109357
0 0.149498 0.875986 0.055170 0.126268
0 0.092400 0.870068 0.056713 0.130214
