0 0.041422 0.167834 0.076430 0.124461
0 0.141368 0.169989 0.076430 0.124461
0 0.218600 0.169989 0.071619 0.122306
0 0.311598 0.165679 0.069482 0.130927
0 0.390433 0.165679 0.074292 0.133082
0 0.475949 0.177263 0.075361 0.116379
0 0.558258 0.182651 0.075361 0.116379
0 0.638963 0.188039 0.075361 0.116379
0 0.716462 0.190194 0.075361 0.116379
0 0.799305 0.197198 0.075361 0.116379
0 0.879209 0.180496 0.073757 0.141164
0 0.958846 0.179418 0.073757 0.141164
0 0.945751 0.439655 0.072154 0.110991
0 0.866114 0.436961 0.072154 0.110991
0 0.788616 0.435884 0.072154 0.110991
0 0.707910 0.436422 0.072154 0.110991
0 0.631480 0.437500 0.072154 0.110991
0 0.554516 0.431573 0.072154 0.110991
0 0.474880 0.429418 0.072154 0.110991
0 0.396312 0.426185 0.072154 0.110991
0 0.320951 0.426185 0.072154 0.110991
0 0.237039 0.424030 0.072154 0.110991
0 0.157402 0.418642 0.072154 0.110991
0 0.079904 0.417565 0.072154 0.110991
0 0.085249 0.661638 0.072154 0.110991
0 0.160609 0.661638 0.072154 0.110991
0 0.232763 0.661638 0.072154 0.110991
0 0.318813 0.662716 0.072154 0.110991
0 0.397381 0.668642 0.072154 0.110991
0 0.472742 0.664332 0.072154 0.110991
0 0.548103 0.670797 0.072154 0.110991
0 0.620257 0.667565 0.072154 0.110991
0 0.699893 0.671875 0.072154 0.110991
0 0.772582 0.671875 0.072154 0.110991
0 0.847942 0.674030 0.072154 0.110991
0 0.925441 0.675108 0.072154 0.110991
0 0.911010 0.892780 0.071085 0.100216
0 0.832443 0.893858 0.071085 0.100216
0 0.765633 0.882004 0.067878 0.118534
0 0.696152 0.879849 0.067878 0.118534
0 0.607696 0.891164 0.056654 0.102371
0 0.546766 0.891703 0.056654 0.102371
0 0.464992 0.884159 0.065206 0.127155
0 0.391235 0.875539 0.065206 0.127155
0 0.319348 0.886315 0.062533 0.094828
0 0.238108 0.876886 0.063602 0.120151
0 0.094602 0.877155 0.063068 0.098060
