0 0.058063 0.268293 0.065201 0.221037
0 0.128472 0.289253 0.065586 0.180640
0 0.194059 0.293064 0.065586 0.180640
0 0.261574 0.299924 0.065586 0.180640
0 0.328318 0.301448 0.065586 0.180640
0 0.395062 0.301448 0.057870 0.177591
0 0.459105 0.309070 0.058642 0.176067
0 0.527585 0.313262 0.059799 0.170732
0 0.592400 0.310976 0.065201 0.173780
0 0.656057 0.317835 0.059799 0.170732
0 0.717400 0.324695 0.059799 0.170732
0 0.782600 0.321646 0.059799 0.170732
0 0.846644 0.326220 0.059799 0.170732
0 0.912616 0.319741 0.062114 0.182165
0 0.972415 0.321265 0.055170 0.186738
0 0.865355 0.758384 0.049383 0.198171
0 0.042052 0.745427 0.065586 0.170732
0 0.108410 0.756860 0.064043 0.153963
0 0.180556 0.763720 0.065586 0.170732
0 0.242284 0.767149 0.060957 0.163872
0 0.305941 0.764101 0.061728 0.166921
0 0.367091 0.762576 0.059799 0.166921
0 0.432485 0.758384 0.057870 0.164634
0 0.491512 0.759909 0.057870 0.164634
0 0.802855 0.771341 0.057870 0.164634
0 0.746528 0.768293 0.057870 0.164634
0 0.684028 0.758384 0.057870 0.164634
0 0.617670 0.760671 0.057870 0.164634
0 0.556713 0.755335 0.057870 0.164634
0 0.921489 0.777439 0.051312 0.160061
