0 0.120919 0.315963 0.108021 0.283050
0 0.515921 0.325837 0.108021 0.283050
0 0.384522 0.321448 0.108021 0.283050
0 0.249093 0.320351 0.108021 0.283050
0 0.621524 0.321448 0.082225 0.278662
0 0.906892 0.326934 0.082225 0.278662
0 0.812576 0.331322 0.082225 0.278662
0 0.718259 0.314866 0.082225 0.278662
0 0.112052 0.767965 0.108021 0.258914
0 0.513503 0.763577 0.108021 0.258914
0 0.378879 0.767965 0.108021 0.258914
0 0.241838 0.765771 0.108021 0.258914
0 0.900443 0.759737 0.108021 0.242457
0 0.773478 0.758640 0.107215 0.242457
0 0.644901 0.765771 0.108021 0.258914
