0 0.065797 0.158058 0.060462 0.067149
0 0.426200 0.164514 0.056906 0.065599
0 0.366331 0.163481 0.056906 0.065599
0 0.311203 0.161415 0.056906 0.065599
0 0.247184 0.161932 0.056906 0.065599
0 0.182573 0.160382 0.056906 0.065599
0 0.775934 0.172262 0.056906 0.065599
0 0.720213 0.172262 0.056906 0.065599
0 0.663900 0.167614 0.056906 0.065599
0 0.608180 0.169163 0.056906 0.065599
0 0.546532 0.169163 0.056906 0.065599
0 0.487255 0.166064 0.056906 0.065599
0 0.092472 0.353048 0.056906 0.065599
0 0.458210 0.356147 0.056906 0.065599
0 0.395376 0.357180 0.056906 0.065599
0 0.333136 0.358213 0.056906 0.065599
0 0.279194 0.356147 0.056906 0.065599
0 0.217546 0.352014 0.056906 0.065599
0 0.152341 0.351498 0.056906 0.065599
0 0.801423 0.359246 0.056906 0.065599
0 0.740368 0.360795 0.056906 0.065599
0 0.683462 0.358729 0.056906 0.065599
0 0.629520 0.358213 0.056906 0.065599
0 0.569650 0.359246 0.056906 0.065599
0 0.513930 0.359762 0.056906 0.065599
0 0.905157 0.362862 0.056906 0.065599
0 0.860699 0.362603 0.050978 0.065083
0 0.068465 0.533833 0.057499 0.079029
0 0.099289 0.717200 0.057499 0.079029
0 0.833432 0.537190 0.056906 0.078512
0 0.890338 0.536415 0.054535 0.077996
0 0.131002 0.541322 0.053349 0.064050
0 0.771784 0.539773 0.053349 0.064050
0 0.711322 0.538740 0.053349 0.064050
0 0.658566 0.538223 0.053349 0.064050
0 0.598103 0.540289 0.053349 0.064050
0 0.536455 0.538223 0.053349 0.064050
0 0.480735 0.537190 0.053349 0.064050
0 0.429164 0.539773 0.053349 0.064050
0 0.367516 0.540806 0.053349 0.064050
0 0.309425 0.541322 0.053349 0.064050
0 0.253112 0.542872 0.053349 0.064050
0 0.187315 0.539773 0.053349 0.064050
0 0.163604 0.720300 0.050978 0.069731
0 0.561944 0.717200 0.050978 0.069731
0 0.445169 0.716684 0.050978 0.069731
0 0.388856 0.717717 0.050978 0.069731
0 0.333729 0.720300 0.050978 0.069731
0 0.273859 0.719783 0.050978 0.069731
0 0.219917 0.722366 0.050978 0.069731
0 0.617664 0.720816 0.050978 0.069731
0 0.677534 0.716167 0.050978 0.069731
0 0.731476 0.717717 0.050978 0.069731
0 0.788382 0.718233 0.050978 0.069731
0 0.507410 0.716684 0.050978 0.069731
0 0.840545 0.713585 0.053349 0.074897
0 0.897451 0.714618 0.053349 0.074897
0 0.077060 0.905992 0.055720 0.069215
0 0.137522 0.902893 0.055720 0.069215
0 0.197985 0.903926 0.055720 0.069215
0 0.256669 0.900826 0.055720 0.069215
0 0.312982 0.902893 0.055720 0.069215
0 0.374630 0.897727 0.055720 0.069215
0 0.425608 0.896178 0.055720 0.069215
0 0.483699 0.894112 0.055720 0.069215
0 0.599289 0.892045 0.055720 0.069215
0 0.542976 0.894112 0.055720 0.069215
0 0.655009 0.893595 0.055720 0.069215
0 0.709544 0.891529 0.055720 0.069215
0 0.763485 0.891529 0.055720 0.069215
0 0.820984 0.886880 0.049793 0.073347
0 0.872555 0.892562 0.046236 0.059917
