0 0.057471 0.089685 0.073022 0.108410
0 0.137255 0.090342 0.073022 0.108410
0 0.217039 0.093627 0.073022 0.108410
0 0.298174 0.090999 0.073022 0.108410
0 0.376606 0.094941 0.073022 0.108410
0 0.455037 0.094941 0.073022 0.108410
0 0.531440 0.093627 0.073022 0.108410
0 0.612576 0.097569 0.073022 0.108410
0 0.687627 0.096255 0.073022 0.108410
0 0.770115 0.098226 0.073022 0.108410
0 0.845166 0.098883 0.066261 0.109724
0 0.919540 0.100854 0.066261 0.109724
0 0.914469 0.327858 0.065585 0.102497
0 0.845504 0.327201 0.065585 0.102497
0 0.763016 0.323916 0.065585 0.102497
0 0.685260 0.327858 0.065585 0.102497
0 0.612914 0.324573 0.065585 0.102497
0 0.540568 0.325230 0.065585 0.102497
0 0.463489 0.326544 0.065585 0.102497
0 0.387762 0.322602 0.065585 0.102497
0 0.316768 0.324573 0.065585 0.102497
0 0.232252 0.325887 0.065585 0.102497
0 0.149763 0.324573 0.065585 0.102497
0 0.078769 0.323259 0.065585 0.102497
0 0.097025 0.539422 0.066937 0.095926
0 0.166667 0.540079 0.066937 0.095926
0 0.241041 0.530223 0.073698 0.113009
0 0.317444 0.539422 0.062880 0.090670
0 0.395199 0.540736 0.062880 0.090670
0 0.466531 0.534166 0.068966 0.113009
0 0.541920 0.541064 0.064233 0.099212
0 0.608181 0.537779 0.064233 0.099212
0 0.684584 0.526938 0.068289 0.113009
0 0.754226 0.533509 0.068289 0.113009
0 0.825558 0.539422 0.064909 0.095926
0 0.891143 0.533509 0.064909 0.095926
0 0.892157 0.724376 0.062880 0.087385
0 0.818120 0.742444 0.059500 0.064389
0 0.748141 0.740802 0.057471 0.074244
0 0.684584 0.736202 0.057471 0.074244
0 0.607843 0.729304 0.068966 0.090670
0 0.535497 0.731275 0.068966 0.090670
0 0.467546 0.739159 0.057471 0.088042
0 0.398580 0.734560 0.057471 0.088042
0 0.326910 0.731275 0.057471 0.115637
0 0.254564 0.733903 0.057471 0.115637
0 0.185260 0.742116 0.062204 0.096583
0 0.128465 0.927070 0.062204 0.091984
0 0.196755 0.926413 0.062204 0.091984
0 0.265044 0.924442 0.062204 0.091984
0 0.329277 0.916557 0.062204 0.091984
0 0.400270 0.918528 0.062204 0.091984
0 0.473293 0.919185 0.062204 0.091984
0 0.540230 0.915900 0.062204 0.091984
0 0.607843 0.918528 0.062204 0.091984
0 0.678837 0.915243 0.062204 0.091984
0 0.752535 0.917214 0.062204 0.091984
0 0.814740 0.919185 0.062204 0.091984
0 0.881677 0.919185 0.062204 0.091984
