0 0.087577 0.175362 0.087963 0.199897
0 0.175733 0.196023 0.083719 0.180269
0 0.268519 0.196023 0.083333 0.176136
0 0.360340 0.199122 0.083333 0.176136
0 0.448302 0.200155 0.083333 0.176136
0 0.540509 0.205837 0.083333 0.176136
0 0.626543 0.204804 0.083333 0.176136
0 0.716049 0.204804 0.083333 0.176136
0 0.803241 0.208419 0.083333 0.176136
0 0.788966 0.530992 0.074074 0.170455
0 0.710262 0.532025 0.074074 0.170455
0 0.622878 0.530475 0.079861 0.167355
0 0.530285 0.526343 0.079861 0.167355
0 0.449653 0.524277 0.079861 0.167355
0 0.368634 0.509814 0.089892 0.196281
0 0.268904 0.525568 0.081019 0.180269
0 0.176698 0.525568 0.081019 0.180269
0 0.081790 0.523502 0.081019 0.180269
0 0.088349 0.846333 0.081019 0.180269
0 0.169753 0.849948 0.081019 0.180269
0 0.260031 0.849948 0.081019 0.180269
0 0.345872 0.845558 0.076775 0.173554
0 0.435378 0.850723 0.076775 0.173554
0 0.521026 0.847624 0.076775 0.173554
0 0.612076 0.848657 0.076775 0.173554
0 0.696566 0.833936 0.072917 0.196798
0 0.781829 0.833936 0.072917 0.196798
