0 0.077517 0.143539 0.101342 0.147040
0 0.185570 0.145449 0.101342 0.147040
0 0.298993 0.147358 0.101342 0.147040
0 0.411745 0.136537 0.100000 0.167409
0 0.507718 0.153724 0.090604 0.141948
0 0.603691 0.158816 0.090604 0.141948
0 0.711074 0.161999 0.090604 0.141948
0 0.807047 0.162635 0.090604 0.141948
0 0.911074 0.161362 0.090604 0.141948
0 0.893960 0.409293 0.085906 0.156588
0 0.797315 0.404838 0.085906 0.156588
0 0.696980 0.413113 0.091946 0.137492
0 0.606376 0.421388 0.091946 0.137492
0 0.496309 0.420115 0.091946 0.137492
0 0.398993 0.411840 0.086577 0.134946
0 0.295638 0.407384 0.086577 0.134946
0 0.196980 0.410567 0.086577 0.134946
0 0.099664 0.409293 0.086577 0.134946
0 0.107047 0.667728 0.086577 0.134946
0 0.209732 0.666454 0.086577 0.134946
0 0.307047 0.668364 0.086577 0.134946
0 0.412416 0.652451 0.081208 0.154042
0 0.503020 0.654360 0.081208 0.154042
0 0.603691 0.663908 0.090604 0.129854
0 0.696309 0.663908 0.090604 0.129854
0 0.797651 0.665818 0.090604 0.129854
0 0.894966 0.664545 0.090604 0.129854
0 0.884899 0.892425 0.078523 0.142584
0 0.798322 0.889243 0.078523 0.142584
0 0.701007 0.894335 0.078523 0.142584
0 0.607383 0.897199 0.077852 0.119032
0 0.508725 0.901018 0.077852 0.119032
0 0.415436 0.896563 0.077852 0.119032
0 0.320134 0.904838 0.077852 0.119032
0 0.219463 0.906747 0.077852 0.119032
0 0.119463 0.905474 0.077852 0.119032
