0 0.094294 0.180785 0.080271 0.125000
0 0.262089 0.190599 0.080271 0.125000
0 0.180851 0.185434 0.080271 0.125000
0 0.647002 0.210227 0.069632 0.120868
0 0.568907 0.203771 0.072050 0.114153
0 0.341634 0.197056 0.075919 0.123450
0 0.419246 0.190857 0.066731 0.151343
0 0.497582 0.191890 0.066731 0.151343
0 0.719052 0.216942 0.069632 0.120868
0 0.792070 0.221074 0.069632 0.120868
0 0.861219 0.209452 0.061896 0.139979
0 0.926015 0.214101 0.061896 0.139979
0 0.097679 0.421229 0.069632 0.121384
0 0.353965 0.424845 0.069632 0.121384
0 0.269826 0.426911 0.069632 0.121384
0 0.180368 0.420196 0.069632 0.121384
0 0.570116 0.430527 0.069632 0.121384
0 0.500000 0.430527 0.069632 0.121384
0 0.427950 0.429494 0.069632 0.121384
0 0.643133 0.433626 0.063830 0.114153
0 0.713733 0.429752 0.063830 0.114669
0 0.781431 0.431302 0.060928 0.107438
0 0.851064 0.430785 0.058027 0.104339
0 0.924081 0.430010 0.063830 0.103822
0 0.096712 0.654184 0.069632 0.121384
0 0.413926 0.650568 0.069632 0.121384
0 0.337524 0.653667 0.069632 0.121384
0 0.260155 0.655733 0.069632 0.121384
0 0.177950 0.657800 0.069632 0.121384
0 0.492263 0.653151 0.069632 0.121384
0 0.565039 0.651085 0.070116 0.120351
0 0.637089 0.645919 0.068182 0.111054
0 0.701886 0.646952 0.067215 0.118285
0 0.772969 0.648502 0.067215 0.118285
0 0.840667 0.646178 0.055609 0.112603
0 0.903288 0.641012 0.059961 0.118802
0 0.098646 0.889205 0.069632 0.121384
0 0.916828 0.849948 0.055126 0.107955
0 0.190039 0.885589 0.069632 0.121384
0 0.346470 0.868285 0.070116 0.145661
0 0.851306 0.843233 0.062379 0.134814
0 0.783366 0.845816 0.068665 0.137913
0 0.575193 0.862087 0.070116 0.145661
0 0.718085 0.856147 0.069632 0.121384
0 0.640232 0.860795 0.069632 0.121384
0 0.500000 0.867510 0.069632 0.121384
0 0.421663 0.871643 0.069632 0.121384
0 0.264023 0.881457 0.069632 0.121384
