0 0.066726 0.160839 0.066726 0.162238
0 0.139902 0.162238 0.065391 0.159441
0 0.224867 0.163287 0.065391 0.164336
0 0.309831 0.167483 0.066281 0.157343
0 0.380560 0.167832 0.061833 0.156643
0 0.468861 0.171678 0.061388 0.153147
0 0.557384 0.175874 0.069395 0.161538
0 0.629004 0.173776 0.064947 0.158741
0 0.713301 0.176573 0.065391 0.157343
0 0.781361 0.181469 0.062722 0.154545
0 0.864769 0.166084 0.063167 0.181119
0 0.937722 0.163287 0.063167 0.181119
0 0.922375 0.515385 0.062722 0.142657
0 0.860543 0.501399 0.063612 0.165035
0 0.796931 0.502098 0.063612 0.165035
0 0.730205 0.512238 0.056495 0.134965
0 0.662144 0.510140 0.056495 0.134965
0 0.598977 0.504895 0.062722 0.163636
0 0.531361 0.503497 0.062722 0.163636
0 0.464858 0.510839 0.060498 0.139161
0 0.377224 0.513636 0.060498 0.139161
0 0.292705 0.509441 0.066726 0.137762
0 0.215302 0.497203 0.071174 0.179021
0 0.145463 0.510839 0.062278 0.146154
0 0.072509 0.507343 0.062278 0.146154
0 0.098532 0.829021 0.060943 0.132168
0 0.162144 0.829720 0.060943 0.132168
0 0.232206 0.818531 0.060498 0.164336
0 0.301601 0.819231 0.060498 0.164336
0 0.395240 0.829021 0.057384 0.143357
0 0.458852 0.831119 0.057384 0.143357
0 0.525356 0.816783 0.056050 0.158042
0 0.587633 0.816084 0.056050 0.158042
0 0.649021 0.824476 0.058719 0.130070
0 0.710854 0.820280 0.058719 0.130070
0 0.774911 0.818182 0.058719 0.130070
0 0.839858 0.815385 0.058719 0.130070
0 0.901023 0.803846 0.051157 0.150350
