0 0.086304 0.115044 0.105066 0.107375
0 0.187617 0.126254 0.099437 0.097935
0 0.291745 0.132743 0.099437 0.097935
0 0.388368 0.133333 0.099437 0.097935
0 0.494371 0.135693 0.099437 0.097935
0 0.598499 0.136283 0.099437 0.097935
0 0.702627 0.141003 0.099437 0.097935
0 0.796435 0.141593 0.099437 0.097935
0 0.894934 0.145133 0.099437 0.097935
0 0.888837 0.313569 0.090994 0.090265
0 0.796904 0.311209 0.090994 0.090265
0 0.697467 0.310029 0.090994 0.090265
0 0.599906 0.310029 0.090994 0.090265
0 0.507974 0.307670 0.090994 0.090265
0 0.416510 0.297050 0.090056 0.109145
0 0.296435 0.306195 0.093809 0.090855
0 0.193246 0.303835 0.093809 0.090855
0 0.087242 0.302655 0.093809 0.090855
0 0.099437 0.470796 0.093809 0.090855
0 0.195122 0.474926 0.093809 0.090855
0 0.287992 0.473746 0.093809 0.090855
0 0.392120 0.473746 0.093809 0.090855
0 0.489681 0.474926 0.093809 0.090855
0 0.597092 0.473451 0.083490 0.086726
0 0.687148 0.475811 0.083490 0.086726
0 0.784240 0.469617 0.080675 0.105015
0 0.878987 0.470796 0.080675 0.105015
0 0.883677 0.635398 0.090056 0.084956
0 0.787054 0.633038 0.090056 0.084956
0 0.696060 0.639528 0.090056 0.084956
0 0.604128 0.638348 0.090056 0.084956
0 0.501407 0.632743 0.066604 0.097345
0 0.402908 0.628614 0.066604 0.097345
0 0.295966 0.637758 0.085366 0.084956
0 0.200281 0.636578 0.085366 0.084956
0 0.100844 0.636578 0.085366 0.084956
0 0.108349 0.797050 0.085366 0.084956
0 0.203096 0.799410 0.085366 0.084956
0 0.296904 0.799410 0.085366 0.084956
0 0.390713 0.798230 0.085366 0.084956
0 0.494841 0.797640 0.085366 0.084956
0 0.586773 0.793510 0.085366 0.084956
0 0.689493 0.788201 0.086304 0.094395
0 0.777674 0.787021 0.086304 0.094395
0 0.869606 0.789381 0.086304 0.094395
0 0.859756 0.936283 0.085366 0.083776
0 0.771576 0.944543 0.085366 0.083776
0 0.679644 0.945723 0.085366 0.083776
0 0.586773 0.949853 0.085366 0.083776
0 0.484522 0.939233 0.085366 0.083776
0 0.390713 0.942183 0.085366 0.083776
0 0.295028 0.945133 0.085366 0.083776
0 0.207786 0.943363 0.085366 0.083776
0 0.120544 0.945133 0.085366 0.083776
