0 0.060571 0.348408 0.075617 0.239508
0 0.320602 0.345514 0.075617 0.236614
0 0.236111 0.346961 0.075617 0.236614
0 0.149691 0.348408 0.075617 0.236614
0 0.567515 0.353473 0.075617 0.236614
0 0.489198 0.353473 0.075617 0.236614
0 0.404707 0.351302 0.075617 0.236614
0 0.798032 0.357453 0.072145 0.218524
0 0.725309 0.355644 0.075617 0.236614
0 0.648148 0.352750 0.075617 0.236614
0 0.949846 0.364327 0.060185 0.201881
0 0.882137 0.347323 0.072145 0.218524
0 0.073688 0.771708 0.074846 0.216353
0 0.246528 0.768813 0.074846 0.216353
0 0.163580 0.765919 0.074846 0.216353
0 0.498843 0.760130 0.074846 0.216353
0 0.415895 0.756512 0.074846 0.216353
0 0.334491 0.744935 0.079475 0.255427
0 0.579861 0.740955 0.070216 0.256151
0 0.740355 0.751447 0.059414 0.204776
0 0.649884 0.755789 0.065972 0.207670
0 0.882523 0.729378 0.063657 0.244573
0 0.814815 0.730825 0.070216 0.256151
0 0.955247 0.746382 0.059414 0.204776
