0 0.064884 0.148916 0.066750 0.147988
0 0.136609 0.151393 0.066750 0.147988
0 0.210821 0.154489 0.066750 0.147988
0 0.298715 0.158824 0.066750 0.147988
0 0.382670 0.162229 0.066335 0.141176
0 0.453151 0.166563 0.066335 0.141176
0 0.617745 0.173994 0.066335 0.141176
0 0.685738 0.174613 0.066335 0.141176
0 0.778192 0.174613 0.066335 0.141176
0 0.853648 0.173375 0.066335 0.141176
0 0.916252 0.178947 0.066335 0.141176
0 0.886401 0.498142 0.059701 0.134365
0 0.819652 0.494427 0.059701 0.134365
0 0.754561 0.494427 0.059701 0.134365
0 0.619403 0.488854 0.059701 0.134365
0 0.550580 0.490093 0.059701 0.134365
0 0.433665 0.490712 0.059701 0.134365
0 0.362355 0.486378 0.059701 0.134365
0 0.293118 0.486378 0.059701 0.134365
0 0.217247 0.486997 0.059701 0.134365
0 0.145937 0.482663 0.059701 0.134365
0 0.072761 0.482043 0.065091 0.140557
0 0.076907 0.806811 0.061774 0.133746
0 0.143657 0.806811 0.061774 0.133746
0 0.223673 0.801858 0.061774 0.133746
0 0.305763 0.803096 0.061774 0.133746
0 0.374585 0.804954 0.061774 0.133746
0 0.457504 0.802477 0.061774 0.133746
0 0.537106 0.799381 0.060116 0.139938
0 0.605514 0.801858 0.060116 0.139938
0 0.685116 0.805573 0.060116 0.139938
0 0.752695 0.803715 0.060116 0.139938
0 0.829602 0.789783 0.067164 0.165325
0 0.899254 0.794737 0.067164 0.165325
