0 0.049956 0.284418 0.091989 0.262203
0 0.147227 0.289424 0.091989 0.262203
0 0.250880 0.307885 0.095951 0.222778
0 0.354974 0.302879 0.105194 0.227785
0 0.473812 0.302879 0.105194 0.227785
0 0.586048 0.303504 0.105194 0.227785
0 0.697403 0.304756 0.105194 0.227785
0 0.813160 0.299124 0.105194 0.227785
0 0.925836 0.303504 0.105194 0.227785
0 0.915713 0.746558 0.105194 0.227785
0 0.800396 0.745307 0.105194 0.227785
0 0.690801 0.745307 0.105194 0.227785
0 0.578565 0.744055 0.105194 0.227785
0 0.465889 0.738423 0.105194 0.227785
0 0.360475 0.721214 0.095070 0.262203
0 0.243838 0.724343 0.095070 0.262203
0 0.142606 0.719962 0.095070 0.262203
0 0.047755 0.721840 0.094630 0.262203
