0 0.074074 0.423125 0.075617 0.206448
0 0.325617 0.426844 0.075617 0.206448
0 0.245370 0.426224 0.075617 0.206448
0 0.159722 0.428704 0.075617 0.206448
0 0.413002 0.411345 0.079090 0.239926
0 0.650656 0.410725 0.074460 0.225046
0 0.571373 0.410725 0.078704 0.225046
0 0.492670 0.408865 0.075617 0.221327
0 0.724923 0.428084 0.068673 0.187849
0 0.956790 0.433664 0.068673 0.187849
0 0.880787 0.428704 0.068673 0.187849
0 0.804398 0.428704 0.068673 0.187849
0 0.077546 0.795102 0.075617 0.206448
0 0.160880 0.792622 0.075617 0.206448
0 0.250772 0.791383 0.075617 0.206448
0 0.336034 0.790143 0.075617 0.206448
0 0.417631 0.764724 0.077546 0.231246
0 0.498650 0.764724 0.077546 0.231246
0 0.582562 0.772164 0.074846 0.181649
0 0.815586 0.774644 0.074846 0.181649
0 0.739198 0.777743 0.074846 0.181649
0 0.658951 0.770924 0.074846 0.181649
0 0.895255 0.754495 0.065201 0.220707
0 0.965278 0.754805 0.069444 0.217607
