0 0.109655 0.072911 0.060288 0.119308
0 0.176933 0.075793 0.060288 0.119308
0 0.244648 0.083285 0.060288 0.119308
0 0.325470 0.083285 0.060288 0.119308
0 0.404543 0.087896 0.060288 0.119308
0 0.463958 0.090778 0.060288 0.119308
0 0.623853 0.099424 0.060288 0.119308
0 0.684578 0.099424 0.060288 0.119308
0 0.771953 0.099424 0.060288 0.119308
0 0.837920 0.102305 0.060288 0.119308
0 0.899519 0.103458 0.060288 0.119308
0 0.866099 0.363977 0.051114 0.102017
0 0.805374 0.360519 0.051114 0.102017
0 0.746833 0.360519 0.051114 0.102017
0 0.622324 0.356484 0.051114 0.102017
0 0.559196 0.358790 0.055920 0.111239
0 0.450852 0.357637 0.055920 0.111239
0 0.384884 0.357637 0.055920 0.111239
0 0.322412 0.354179 0.055920 0.111239
0 0.255570 0.354179 0.055920 0.111239
0 0.189602 0.353026 0.055920 0.111239
0 0.119266 0.349568 0.055920 0.111239
0 0.127567 0.612968 0.052425 0.104323
0 0.191787 0.607205 0.052425 0.104323
0 0.262560 0.609510 0.052425 0.104323
0 0.338794 0.611527 0.055483 0.114121
0 0.404762 0.608646 0.055483 0.114121
0 0.474661 0.609222 0.055483 0.114121
0 0.548056 0.606916 0.055483 0.114121
0 0.611402 0.605764 0.055483 0.114121
0 0.682176 0.610375 0.055483 0.114121
0 0.745959 0.606916 0.055483 0.114121
0 0.814548 0.600000 0.059851 0.132565
0 0.877021 0.600576 0.059851 0.132565
0 0.875928 0.849280 0.052425 0.096254
0 0.819790 0.842075 0.054609 0.123343
0 0.763871 0.844957 0.054609 0.123343
0 0.705985 0.852738 0.048056 0.098559
0 0.643731 0.854467 0.051988 0.104323
0 0.589340 0.847839 0.056793 0.122190
0 0.530799 0.848991 0.056793 0.122190
0 0.466361 0.856772 0.054609 0.102017
0 0.393840 0.857349 0.054609 0.102017
0 0.316077 0.859654 0.054609 0.102017
0 0.247270 0.847262 0.058541 0.121037
0 0.187418 0.855620 0.049803 0.097406
0 0.124945 0.851585 0.049803 0.097406
