0 0.079090 0.210847 0.058642 0.154576
0 0.142361 0.215593 0.058642 0.154576
0 0.202546 0.228475 0.058642 0.154576
0 0.262539 0.228475 0.052855 0.154576
0 0.325617 0.219661 0.052469 0.185763
0 0.380015 0.227119 0.045525 0.178983
0 0.441358 0.245763 0.055556 0.153898
0 0.503472 0.247119 0.055556 0.153898
0 0.558835 0.252881 0.048225 0.153220
0 0.617863 0.243390 0.055170 0.178983
0 0.674961 0.252542 0.049769 0.178305
0 0.730324 0.268475 0.053241 0.157288
0 0.794753 0.269831 0.053241 0.157288
0 0.854938 0.277627 0.055556 0.151186
0 0.077546 0.517288 0.058642 0.154576
0 0.139660 0.527458 0.058642 0.154576
0 0.198688 0.528814 0.058642 0.154576
0 0.260031 0.530169 0.058642 0.154576
0 0.319444 0.533559 0.058642 0.154576
0 0.383102 0.538305 0.058642 0.154576
0 0.440586 0.544407 0.058642 0.154576
0 0.503472 0.544407 0.058642 0.154576
0 0.561343 0.551186 0.052469 0.158644
0 0.619213 0.546441 0.050154 0.178983
0 0.677469 0.546441 0.050154 0.178983
0 0.736497 0.563390 0.054012 0.154576
0 0.795139 0.566780 0.054012 0.154576
0 0.859182 0.564068 0.054012 0.154576
0 0.073302 0.821356 0.055556 0.149831
0 0.130401 0.826102 0.055556 0.149831
0 0.190972 0.826102 0.055556 0.149831
0 0.248843 0.823390 0.055556 0.149831
0 0.306713 0.830847 0.055556 0.149831
0 0.365741 0.830847 0.055556 0.149831
0 0.427083 0.834237 0.055556 0.149831
0 0.481867 0.823729 0.050154 0.164068
0 0.542438 0.839322 0.056327 0.157288
0 0.596065 0.840678 0.056327 0.157288
0 0.657407 0.846780 0.056327 0.157288
0 0.716435 0.848136 0.056327 0.157288
0 0.770062 0.851525 0.056327 0.157288
0 0.835648 0.848814 0.056327 0.157288
