0 0.040123 0.156555 0.055556 0.126761
0 0.102623 0.154388 0.055556 0.126761
0 0.164352 0.160888 0.055556 0.126761
0 0.222994 0.160888 0.055556 0.126761
0 0.289738 0.152763 0.051698 0.149512
0 0.345293 0.158722 0.050154 0.144095
0 0.408951 0.169556 0.057099 0.135428
0 0.469907 0.174973 0.057099 0.135428
0 0.530093 0.178223 0.057099 0.135428
0 0.594522 0.164139 0.056327 0.152763
0 0.650849 0.169556 0.056327 0.152763
0 0.711420 0.185265 0.054012 0.127844
0 0.775463 0.187432 0.054012 0.127844
0 0.833333 0.186349 0.054012 0.127844
0 0.050154 0.411159 0.055556 0.126761
0 0.111883 0.407909 0.055556 0.126761
0 0.168981 0.407909 0.055556 0.126761
0 0.229167 0.412243 0.055556 0.126761
0 0.290123 0.417660 0.055556 0.126761
0 0.349537 0.417660 0.055556 0.126761
0 0.413580 0.419827 0.055556 0.126761
0 0.472222 0.421993 0.055556 0.126761
0 0.532407 0.426327 0.055556 0.126761
0 0.594522 0.415493 0.051698 0.154930
0 0.653935 0.423619 0.048611 0.147346
0 0.717978 0.434995 0.057870 0.133261
0 0.772762 0.437161 0.057870 0.133261
0 0.840664 0.432828 0.057870 0.133261
0 0.049769 0.648971 0.056327 0.130011
0 0.108410 0.651138 0.056327 0.130011
0 0.168596 0.657638 0.056327 0.130011
0 0.224151 0.655471 0.056327 0.130011
0 0.279707 0.656555 0.056327 0.130011
0 0.339120 0.658722 0.056327 0.130011
0 0.401620 0.658722 0.056327 0.130011
0 0.457948 0.653846 0.050154 0.137595
0 0.516975 0.659805 0.058642 0.127844
0 0.571759 0.663055 0.058642 0.127844
0 0.633488 0.668472 0.058642 0.127844
0 0.690586 0.667389 0.058642 0.127844
0 0.750000 0.667389 0.058642 0.127844
0 0.817130 0.669556 0.058642 0.127844
0 0.785880 0.889491 0.042438 0.127844
0 0.732253 0.889491 0.049383 0.106176
0 0.677469 0.886241 0.049383 0.106176
0 0.624228 0.884074 0.049383 0.106176
0 0.567901 0.886241 0.049383 0.106176
0 0.510031 0.885157 0.049383 0.106176
0 0.452932 0.881907 0.049383 0.106176
0 0.393519 0.885157 0.049383 0.106176
0 0.338735 0.880823 0.049383 0.106176
0 0.282407 0.881907 0.049383 0.106176
0 0.226852 0.877573 0.049383 0.106176
0 0.169753 0.874323 0.049383 0.106176
0 0.114583 0.867281 0.056327 0.126761
0 0.055941 0.868364 0.056327 0.126761
