0 0.062109 0.184059 0.067528 0.151729
0 0.136724 0.187260 0.067528 0.151729
0 0.211338 0.187900 0.067528 0.151729
0 0.285119 0.187900 0.067528 0.151729
0 0.360150 0.189821 0.065861 0.145327
0 0.432263 0.191101 0.065861 0.145327
0 0.556482 0.192382 0.065861 0.150448
0 0.624844 0.193022 0.065861 0.150448
0 0.764902 0.194942 0.065861 0.150448
0 0.831388 0.197503 0.059608 0.144046
0 0.898916 0.191741 0.059608 0.144046
0 0.907878 0.507362 0.063360 0.164533
0 0.838683 0.506082 0.063360 0.164533
0 0.759692 0.521767 0.058774 0.133163
0 0.693414 0.517926 0.058774 0.133163
0 0.612547 0.520487 0.062109 0.143406
0 0.545436 0.521767 0.062109 0.143406
0 0.461234 0.522407 0.062109 0.143406
0 0.382868 0.519846 0.062109 0.143406
0 0.311588 0.523047 0.062109 0.143406
0 0.229054 0.519846 0.062109 0.143406
0 0.149020 0.520487 0.062109 0.143406
0 0.078574 0.522407 0.062109 0.143406
0 0.081492 0.838668 0.061276 0.133163
0 0.151105 0.838668 0.061276 0.133163
0 0.215923 0.826825 0.065861 0.163252
0 0.289912 0.839309 0.062943 0.134443
0 0.372447 0.838668 0.062943 0.133163
0 0.458733 0.833547 0.062943 0.133163
0 0.523343 0.824904 0.066278 0.151729
0 0.587953 0.824264 0.062109 0.149168
0 0.649020 0.830986 0.055023 0.124200
0 0.719050 0.828425 0.054189 0.134443
0 0.777824 0.820423 0.060025 0.150448
0 0.841809 0.818182 0.058774 0.161332
0 0.901834 0.830346 0.059608 0.131882
