0 0.165610 0.080114 0.062863 0.097727
0 0.238510 0.082386 0.062863 0.097727
0 0.301373 0.086364 0.062863 0.097727
0 0.376915 0.088636 0.062863 0.097727
0 0.457211 0.092045 0.062863 0.097727
0 0.521130 0.093182 0.062863 0.097727
0 0.672213 0.100284 0.060750 0.089205
0 0.730851 0.099148 0.060750 0.089205
0 0.810090 0.098011 0.060750 0.089205
0 0.875066 0.103693 0.060750 0.089205
0 0.940835 0.104545 0.051770 0.087500
0 0.906233 0.314205 0.048072 0.082955
0 0.847068 0.311932 0.048072 0.082955
0 0.792129 0.311932 0.048072 0.082955
0 0.672742 0.309375 0.052298 0.084659
0 0.611463 0.309375 0.056524 0.082386
0 0.506867 0.307102 0.056524 0.082386
0 0.441891 0.305966 0.056524 0.082386
0 0.379028 0.304830 0.056524 0.082386
0 0.313524 0.304830 0.056524 0.082386
0 0.248283 0.303977 0.055996 0.093182
0 0.178553 0.306250 0.055996 0.093182
0 0.188325 0.514773 0.057581 0.089773
0 0.250660 0.509659 0.057581 0.089773
0 0.325674 0.511932 0.057581 0.089773
0 0.397517 0.512500 0.057581 0.089773
0 0.458796 0.513636 0.057581 0.089773
0 0.529583 0.513636 0.057581 0.089773
0 0.601955 0.513068 0.057581 0.089773
0 0.662705 0.511932 0.057581 0.089773
0 0.730851 0.513068 0.057581 0.089773
0 0.795298 0.512500 0.051241 0.081818
0 0.860539 0.503977 0.055996 0.104545
0 0.918648 0.503977 0.055996 0.104545
0 0.918648 0.702557 0.049657 0.078977
0 0.865293 0.694602 0.048600 0.096023
0 0.808241 0.695739 0.048600 0.096023
0 0.753302 0.706818 0.044374 0.082955
0 0.697306 0.705682 0.044374 0.082955
0 0.641838 0.701705 0.047544 0.095455
0 0.584786 0.703977 0.047544 0.095455
0 0.522979 0.710795 0.050713 0.086364
0 0.449023 0.713068 0.050713 0.086364
0 0.374010 0.718182 0.050713 0.086364
0 0.307713 0.706534 0.060750 0.102841
0 0.249076 0.716477 0.053354 0.080682
0 0.183043 0.715341 0.053354 0.080682
0 0.195193 0.907386 0.053354 0.080682
0 0.252245 0.909659 0.053354 0.080682
0 0.315901 0.900000 0.048600 0.094318
0 0.379820 0.905682 0.050713 0.098864
0 0.458003 0.907955 0.050713 0.098864
0 0.519282 0.904545 0.050713 0.098864
0 0.580032 0.896591 0.050713 0.098864
0 0.634443 0.897727 0.050713 0.098864
0 0.693608 0.901136 0.051770 0.087500
0 0.744849 0.896591 0.051770 0.087500
0 0.796355 0.893182 0.051241 0.079545
0 0.857633 0.889773 0.051241 0.079545
0 0.912044 0.881534 0.051241 0.093750
