0 0.039738 0.324931 0.074074 0.234116
0 0.124614 0.322859 0.081790 0.232735
0 0.218557 0.324240 0.078318 0.234116
0 0.308256 0.329765 0.081790 0.234116
0 0.396026 0.308702 0.080633 0.273481
0 0.479745 0.312845 0.080633 0.273481
0 0.569830 0.332528 0.084105 0.225829
0 0.653549 0.333564 0.078704 0.218232
0 0.738619 0.340470 0.072917 0.222376
0 0.817515 0.342196 0.071759 0.221685
0 0.897762 0.322514 0.072531 0.266575
0 0.969907 0.322514 0.060185 0.251381
0 0.041088 0.761395 0.081404 0.232735
0 0.222415 0.764157 0.082176 0.232735
0 0.130401 0.761395 0.081790 0.232735
0 0.320602 0.753798 0.081790 0.232735
0 0.403164 0.757251 0.081790 0.232735
0 0.483410 0.755870 0.081790 0.232735
0 0.566744 0.751036 0.081790 0.232735
0 0.654321 0.749655 0.073302 0.223066
0 0.961998 0.739296 0.071373 0.207873
0 0.888503 0.742749 0.073302 0.223066
0 0.814043 0.747583 0.073302 0.223066
0 0.734182 0.749655 0.073302 0.223066
