0 0.208019 0.197934 0.098804 0.212730
0 0.561586 0.211334 0.098804 0.212730
0 0.434869 0.204634 0.098804 0.212730
0 0.317457 0.202401 0.098804 0.212730
0 0.675233 0.214685 0.093930 0.206030
0 0.909171 0.222501 0.093930 0.206030
0 0.790873 0.218035 0.093930 0.206030
0 0.217545 0.530988 0.101019 0.225572
0 0.320780 0.542993 0.095702 0.185930
0 0.529021 0.551368 0.095702 0.185930
0 0.425786 0.546343 0.095702 0.185930
0 0.628711 0.533501 0.090385 0.216080
0 0.733496 0.551089 0.085512 0.180905
0 0.827869 0.554439 0.085512 0.180905
0 0.923793 0.511167 0.067346 0.214964
0 0.223970 0.860972 0.102348 0.215522
0 0.328090 0.877722 0.089942 0.180905
0 0.525255 0.873255 0.089942 0.180905
0 0.432211 0.875489 0.089942 0.180905
0 0.620735 0.861251 0.070891 0.201563
0 0.903855 0.862367 0.071777 0.197097
0 0.810811 0.862926 0.070891 0.201563
0 0.726628 0.859017 0.070891 0.201563
