0 0.068463 0.078298 0.090989 0.118372
0 0.166078 0.091862 0.088339 0.099877
0 0.266784 0.094945 0.088339 0.099877
0 0.371025 0.099260 0.088339 0.099877
0 0.466431 0.102343 0.088339 0.099877
0 0.564488 0.106658 0.088339 0.099877
0 0.655477 0.108508 0.088339 0.099877
0 0.750000 0.108508 0.088339 0.099877
0 0.845406 0.111282 0.083039 0.094328
0 0.836572 0.291924 0.084806 0.093095
0 0.741166 0.287608 0.084806 0.093095
0 0.656360 0.288224 0.084806 0.093095
0 0.558304 0.285142 0.084806 0.093095
0 0.469081 0.283909 0.084806 0.093095
0 0.385159 0.270654 0.086572 0.113440
0 0.275177 0.278668 0.085689 0.092478
0 0.176237 0.278052 0.085689 0.092478
0 0.071996 0.273736 0.085689 0.092478
0 0.088781 0.451911 0.085689 0.092478
0 0.181537 0.456227 0.085689 0.092478
0 0.266343 0.453761 0.085689 0.092478
0 0.367933 0.459309 0.085689 0.092478
0 0.457155 0.458076 0.085689 0.092478
0 0.549912 0.461159 0.085689 0.092478
0 0.647968 0.458076 0.085689 0.092478
0 0.737191 0.452836 0.078622 0.109125
0 0.823763 0.452836 0.078622 0.109125
0 0.828180 0.629470 0.083922 0.087546
0 0.739841 0.630086 0.083922 0.087546
0 0.651502 0.630086 0.083922 0.087546
0 0.555212 0.630086 0.083922 0.087546
0 0.465106 0.626079 0.062721 0.100493
0 0.375000 0.624846 0.062721 0.100493
0 0.278710 0.632244 0.082155 0.096794
0 0.180654 0.633477 0.082155 0.096794
0 0.094081 0.631011 0.082155 0.096794
0 0.094081 0.803637 0.082155 0.096794
0 0.188163 0.799322 0.079505 0.085697
0 0.282686 0.799938 0.079505 0.085697
0 0.369258 0.798705 0.079505 0.085697
0 0.454947 0.799938 0.079505 0.085697
0 0.560954 0.798705 0.079505 0.085697
0 0.645760 0.786375 0.072438 0.105425
0 0.729682 0.787608 0.072438 0.105425
0 0.811837 0.788224 0.072438 0.105425
0 0.820230 0.944205 0.082155 0.104192
0 0.728357 0.950370 0.078622 0.081998
0 0.641784 0.959001 0.078622 0.081998
0 0.549912 0.956535 0.078622 0.081998
0 0.455389 0.952219 0.078622 0.081998
0 0.369700 0.947904 0.078622 0.081998
0 0.285777 0.954069 0.078622 0.081998
0 0.193905 0.954069 0.078622 0.081998
0 0.107332 0.951603 0.078622 0.081998
