0 0.069637 0.250383 0.052083 0.166411
0 0.437886 0.270322 0.057099 0.163344
0 0.373457 0.266488 0.057099 0.163344
0 0.312693 0.264571 0.055941 0.159509
0 0.252894 0.254218 0.056713 0.158742
0 0.190008 0.255752 0.052083 0.166411
0 0.127122 0.252684 0.052083 0.166411
0 0.793981 0.285276 0.057870 0.151840
0 0.730324 0.281825 0.057099 0.163344
0 0.674383 0.280291 0.057099 0.163344
0 0.616512 0.271856 0.057099 0.163344
0 0.554398 0.272623 0.057099 0.163344
0 0.494599 0.268788 0.057099 0.163344
0 0.087577 0.705521 0.057870 0.161043
0 0.460262 0.708589 0.057870 0.161043
0 0.392361 0.708589 0.057870 0.161043
0 0.335262 0.711656 0.057870 0.161043
0 0.275849 0.707822 0.057870 0.161043
0 0.212191 0.705521 0.057870 0.161043
0 0.147762 0.706288 0.057870 0.161043
0 0.636381 0.713574 0.055941 0.158742
0 0.577546 0.713574 0.051698 0.161810
0 0.516782 0.707822 0.052083 0.159509
0 0.928048 0.722009 0.055941 0.158742
0 0.875193 0.722009 0.055941 0.158742
0 0.817708 0.707439 0.055941 0.158742
0 0.756366 0.711273 0.055941 0.158742
0 0.700424 0.715874 0.055941 0.158742
