0 0.053952 0.215057 0.054898 0.103779
0 0.242310 0.219256 0.054898 0.103779
0 0.177000 0.218056 0.054898 0.103779
0 0.117369 0.216257 0.054898 0.103779
0 0.433980 0.222256 0.054898 0.103779
0 0.366777 0.221056 0.054898 0.103779
0 0.309039 0.219856 0.054898 0.103779
0 0.803124 0.227954 0.060577 0.097181
0 0.739470 0.228554 0.055372 0.103179
0 0.681732 0.226155 0.057265 0.107978
0 0.617369 0.224055 0.061051 0.109778
0 0.553715 0.221656 0.054898 0.103779
0 0.494084 0.221656 0.054898 0.103779
0 0.075248 0.506599 0.054898 0.103779
0 0.268812 0.511398 0.054898 0.103779
0 0.206578 0.508398 0.052532 0.096581
0 0.139139 0.504799 0.054898 0.103779
0 0.455750 0.511398 0.054898 0.103779
0 0.392333 0.511998 0.054898 0.103779
0 0.327970 0.508998 0.054898 0.103779
0 0.641268 0.516197 0.054898 0.103779
0 0.884998 0.518596 0.054898 0.103779
0 0.519167 0.512597 0.054898 0.103779
0 0.581637 0.510798 0.054898 0.103779
0 0.943682 0.513197 0.054898 0.103779
0 0.826313 0.510498 0.059631 0.107978
0 0.765736 0.512597 0.054898 0.103779
0 0.704212 0.511398 0.054898 0.103779
0 0.047089 0.782843 0.060104 0.133173
0 0.107430 0.800240 0.059631 0.106779
0 0.300521 0.796041 0.059631 0.106779
0 0.234027 0.796941 0.066730 0.104979
0 0.168954 0.800840 0.059631 0.106779
0 0.548982 0.796041 0.059631 0.106779
0 0.485329 0.794241 0.060104 0.106779
0 0.424515 0.791842 0.059631 0.106779
0 0.360625 0.794841 0.059631 0.106779
0 0.796025 0.796641 0.059631 0.106779
0 0.732134 0.793641 0.059631 0.106779
0 0.670611 0.794241 0.059631 0.106779
0 0.609087 0.794241 0.059631 0.106779
0 0.867724 0.790042 0.049692 0.124775
0 0.926881 0.788242 0.055372 0.124775
