0 0.065201 0.334916 0.077932 0.249087
0 0.154321 0.330533 0.077932 0.249087
0 0.243827 0.331994 0.077932 0.249087
0 0.337191 0.333455 0.077932 0.249087
0 0.418596 0.338568 0.077932 0.249087
0 0.501543 0.342221 0.077932 0.249087
0 0.580247 0.337838 0.077932 0.249087
0 0.896026 0.338203 0.068287 0.229364
0 0.818287 0.337838 0.066358 0.233017
0 0.743056 0.333090 0.072531 0.226443
0 0.663002 0.335646 0.078318 0.234478
0 0.970293 0.338203 0.059414 0.214755
0 0.069637 0.781958 0.077546 0.238860
0 0.409915 0.766253 0.076775 0.235208
0 0.328511 0.773192 0.077546 0.234478
0 0.242863 0.779766 0.076775 0.238860
0 0.154900 0.781592 0.081404 0.245435
0 0.729360 0.752009 0.071373 0.233017
0 0.654900 0.756757 0.076775 0.235208
0 0.574267 0.763331 0.076775 0.235208
0 0.492477 0.765522 0.076775 0.235208
0 0.947724 0.742513 0.071373 0.233017
0 0.874035 0.755661 0.071373 0.233017
0 0.799961 0.761505 0.071373 0.233017
