0 0.051927 0.232281 0.097274 0.177741
0 0.155780 0.223976 0.097274 0.177741
0 0.261043 0.226744 0.097274 0.177741
0 0.368891 0.215393 0.084586 0.207087
0 0.469925 0.220930 0.084586 0.207087
0 0.579887 0.229513 0.095865 0.183278
0 0.688440 0.231728 0.095865 0.183278
0 0.784305 0.232835 0.095865 0.183278
0 0.894737 0.228405 0.095865 0.183278
0 0.871711 0.533776 0.086466 0.180509
0 0.782425 0.534330 0.086466 0.180509
0 0.681861 0.536545 0.086466 0.180509
0 0.575893 0.549557 0.089756 0.150055
0 0.478148 0.550664 0.089756 0.150055
0 0.374295 0.548450 0.089756 0.150055
0 0.271852 0.549557 0.089756 0.150055
0 0.172227 0.551218 0.089756 0.150055
0 0.067434 0.549557 0.089756 0.150055
0 0.089286 0.838040 0.085526 0.172204
0 0.180451 0.845792 0.085526 0.172204
0 0.279135 0.834164 0.085526 0.172204
0 0.372180 0.834164 0.085526 0.172204
0 0.470865 0.823090 0.085526 0.172204
0 0.571194 0.844131 0.090695 0.155592
0 0.670348 0.844131 0.090695 0.155592
0 0.765273 0.838594 0.090695 0.155592
0 0.861137 0.840808 0.090695 0.155592
