0 0.091628 0.207620 0.073688 0.187242
0 0.346644 0.212345 0.073688 0.187242
0 0.260610 0.212936 0.073688 0.187242
0 0.169946 0.209392 0.073688 0.187242
0 0.571952 0.217661 0.073688 0.181335
0 0.495563 0.217070 0.071373 0.184879
0 0.424961 0.215298 0.076775 0.181335
0 0.794560 0.224749 0.063657 0.176610
0 0.724730 0.221205 0.073688 0.181335
0 0.652585 0.222977 0.073688 0.181335
0 0.934606 0.228884 0.063657 0.176610
0 0.861690 0.230065 0.063657 0.176610
0 0.093557 0.550502 0.072917 0.183107
0 0.414545 0.546958 0.072917 0.183107
0 0.336998 0.546958 0.072917 0.183107
0 0.260224 0.549321 0.072917 0.183107
0 0.176119 0.552274 0.072917 0.183107
0 0.708719 0.539575 0.069444 0.173066
0 0.638117 0.540756 0.069444 0.176610
0 0.566551 0.546367 0.072917 0.183107
0 0.495177 0.549911 0.072917 0.183107
0 0.777971 0.542233 0.067515 0.167750
0 0.850502 0.539870 0.061343 0.172475
0 0.910494 0.541642 0.054012 0.166568
0 0.100116 0.881276 0.071373 0.178382
0 0.268326 0.874188 0.071373 0.178382
0 0.186921 0.876551 0.071373 0.178382
0 0.349151 0.850561 0.077160 0.202008
0 0.423804 0.862670 0.072145 0.174247
0 0.500965 0.854991 0.072145 0.174247
0 0.577353 0.840815 0.063657 0.187242
0 0.856674 0.823095 0.063657 0.187242
0 0.791088 0.824276 0.063657 0.187242
0 0.645833 0.844950 0.059414 0.167159
0 0.725694 0.844950 0.059414 0.167159
0 0.923032 0.833432 0.061343 0.157118
