0 0.120255 0.256785 0.050694 0.183799
0 0.174884 0.254729 0.050694 0.183799
0 0.232986 0.270148 0.049306 0.148849
0 0.289699 0.268092 0.049306 0.148849
0 0.340625 0.264803 0.049306 0.148849
0 0.401736 0.263980 0.049306 0.148849
0 0.467708 0.269326 0.049306 0.148849
0 0.523727 0.267270 0.049306 0.148849
0 0.593287 0.247533 0.046296 0.199013
0 0.643634 0.258429 0.043750 0.188734
0 0.700347 0.256579 0.049306 0.179276
0 0.757755 0.257401 0.049306 0.179276
0 0.815972 0.268503 0.050926 0.155428
0 0.878241 0.258429 0.047685 0.180510
0 0.867824 0.541735 0.047685 0.180510
0 0.805440 0.541941 0.053935 0.167763
0 0.747338 0.551809 0.052083 0.136513
0 0.692708 0.549753 0.052083 0.136513
0 0.636458 0.547697 0.052083 0.136513
0 0.583449 0.548109 0.052083 0.136513
0 0.519792 0.548520 0.052083 0.136513
0 0.465625 0.546464 0.052083 0.136513
0 0.409606 0.544408 0.052083 0.136513
0 0.353356 0.548520 0.052083 0.136513
0 0.301505 0.545230 0.052083 0.136513
0 0.240278 0.535567 0.056481 0.168174
0 0.184375 0.533923 0.053009 0.174753
0 0.131134 0.536801 0.053009 0.174753
0 0.140394 0.819490 0.050694 0.160362
0 0.195486 0.836554 0.049306 0.137747
0 0.247801 0.830387 0.049306 0.137747
0 0.301505 0.829564 0.049306 0.137747
0 0.357523 0.836554 0.049306 0.137747
0 0.407523 0.822574 0.041898 0.157484
0 0.464931 0.822985 0.041898 0.157484
0 0.514468 0.825041 0.041898 0.157484
0 0.571412 0.828742 0.046528 0.135280
0 0.620949 0.839433 0.046528 0.135280
0 0.686921 0.839021 0.046528 0.135280
0 0.739236 0.838199 0.046528 0.135280
0 0.792940 0.838610 0.046528 0.135280
0 0.848264 0.845189 0.046528 0.135280
