0 0.061041 0.147410 0.063914 0.094161
0 0.132136 0.146587 0.063914 0.094161
0 0.211131 0.149054 0.063914 0.094161
0 0.314183 0.151521 0.063914 0.094161
0 0.384560 0.158512 0.063914 0.094161
0 0.459246 0.158923 0.063914 0.094161
0 0.553680 0.163446 0.063914 0.094161
0 0.621903 0.167146 0.063914 0.094161
0 0.702693 0.166324 0.063914 0.094161
0 0.796050 0.165502 0.063914 0.094161
0 0.870018 0.167969 0.063914 0.094161
0 0.933573 0.171669 0.063914 0.094161
0 0.909695 0.425370 0.061400 0.107319
0 0.841113 0.423314 0.061400 0.107319
0 0.773250 0.422492 0.061400 0.107319
0 0.702513 0.420436 0.061400 0.107319
0 0.632136 0.419613 0.061400 0.107319
0 0.563555 0.420025 0.061400 0.107319
0 0.434650 0.413446 0.061400 0.107319
0 0.363914 0.409334 0.061400 0.107319
0 0.290664 0.408512 0.061400 0.107319
0 0.212029 0.410979 0.061400 0.107319
0 0.144524 0.408100 0.061400 0.107319
0 0.060144 0.406044 0.061400 0.107319
0 0.058528 0.668586 0.063196 0.116776
0 0.131418 0.667763 0.063196 0.116776
0 0.203591 0.674753 0.063196 0.116776
0 0.289408 0.675164 0.063196 0.116776
0 0.376481 0.665707 0.064273 0.142270
0 0.449372 0.677426 0.067864 0.114720
0 0.521544 0.679071 0.067864 0.114720
0 0.592639 0.681538 0.067864 0.114720
0 0.660862 0.680715 0.067864 0.114720
0 0.733752 0.681949 0.067864 0.114720
0 0.804129 0.683594 0.067864 0.114720
0 0.876302 0.672903 0.070018 0.139391
0 0.944524 0.673314 0.070018 0.139391
0 0.951706 0.930921 0.065709 0.127467
0 0.873788 0.940789 0.062837 0.110197
0 0.805925 0.939967 0.062837 0.110197
0 0.734291 0.932566 0.070377 0.134868
0 0.663914 0.932566 0.070377 0.134868
0 0.588869 0.942640 0.067504 0.106497
0 0.515260 0.940584 0.067504 0.106497
0 0.443806 0.939762 0.067504 0.106497
0 0.372352 0.940995 0.067504 0.106497
0 0.295871 0.936883 0.067504 0.106497
0 0.205745 0.940584 0.067504 0.106497
0 0.122801 0.940995 0.067504 0.106497
0 0.047038 0.927426 0.074686 0.134457
