0 0.131366 0.342992 0.057176 0.185736
0 0.195486 0.342496 0.057639 0.181773
0 0.260995 0.345963 0.057639 0.181773
0 0.328356 0.344973 0.057639 0.181773
0 0.389468 0.351907 0.057639 0.181773
0 0.454051 0.358841 0.057639 0.181773
0 0.567708 0.361565 0.055787 0.179297
0 0.629514 0.360575 0.055787 0.179297
0 0.686227 0.369985 0.055787 0.179297
0 0.751505 0.364537 0.055787 0.179297
0 0.810880 0.367013 0.052315 0.172363
0 0.867593 0.373452 0.052315 0.172363
0 0.873727 0.766221 0.052546 0.156513
0 0.813426 0.765478 0.053704 0.169886
0 0.750000 0.775384 0.053704 0.169886
0 0.670023 0.754581 0.054861 0.207528
0 0.610069 0.752105 0.054861 0.207528
0 0.400579 0.755572 0.054861 0.207528
0 0.340856 0.748143 0.054861 0.207528
0 0.264352 0.769688 0.057407 0.172363
0 0.189352 0.759782 0.057407 0.172363
0 0.123843 0.760277 0.057407 0.172363
