0 0.058488 0.334713 0.064194 0.197620
0 0.134332 0.329022 0.064194 0.197620
0 0.213980 0.329540 0.064194 0.197620
0 0.317879 0.334713 0.064194 0.197620
0 0.393723 0.339886 0.064194 0.197620
0 0.470994 0.345059 0.064194 0.197620
0 0.562054 0.345577 0.064194 0.197620
0 0.632192 0.349198 0.064194 0.197620
0 0.714693 0.348163 0.064194 0.197620
0 0.805040 0.348681 0.064194 0.197620
0 0.876605 0.353854 0.064194 0.197620
0 0.944365 0.355923 0.064194 0.197620
0 0.919520 0.836265 0.061103 0.213658
0 0.851284 0.844542 0.061103 0.213658
0 0.784475 0.837300 0.061103 0.213658
0 0.714099 0.839369 0.061103 0.213658
0 0.649429 0.842990 0.061103 0.213658
0 0.579291 0.843508 0.061103 0.213658
0 0.448407 0.845577 0.065621 0.222969
0 0.372325 0.844542 0.065621 0.222969
0 0.299810 0.845059 0.065621 0.222969
0 0.224441 0.845577 0.065621 0.222969
0 0.149073 0.846094 0.065621 0.222969
0 0.062054 0.845059 0.065621 0.222969
