0 0.080556 0.335746 0.068056 0.251123
0 0.147106 0.339241 0.061806 0.251123
0 0.213310 0.331752 0.061806 0.251123
0 0.282755 0.352222 0.062731 0.221168
0 0.345949 0.352721 0.062731 0.221168
0 0.414236 0.347229 0.059954 0.214179
0 0.476042 0.337244 0.059954 0.214179
0 0.541319 0.336246 0.059954 0.214179
0 0.605440 0.330255 0.059954 0.214179
0 0.677199 0.326261 0.059954 0.214179
0 0.743403 0.331752 0.059954 0.214179
0 0.807986 0.324264 0.059954 0.214179
0 0.874537 0.295307 0.063889 0.239141
0 0.947917 0.291563 0.068056 0.262606
0 0.926852 0.726410 0.057870 0.186720
0 0.861343 0.726910 0.057870 0.186720
0 0.800694 0.727409 0.057870 0.186720
0 0.737500 0.731403 0.057870 0.186720
0 0.664815 0.735397 0.056019 0.179730
0 0.607870 0.732901 0.056019 0.179730
0 0.540046 0.720419 0.060185 0.209685
0 0.481713 0.722916 0.050000 0.210684
0 0.412500 0.729905 0.050000 0.210684
0 0.356829 0.744633 0.054861 0.182227
0 0.295486 0.749626 0.054861 0.182227
0 0.231366 0.753620 0.054861 0.182227
0 0.163079 0.763605 0.054861 0.182227
0 0.102315 0.749875 0.058796 0.225662
