0 0.074306 0.314350 0.074537 0.201891
0 0.150463 0.315378 0.067593 0.194901
0 0.232407 0.318257 0.067593 0.194901
0 0.306481 0.324013 0.067593 0.194901
0 0.384259 0.324424 0.067593 0.194901
0 0.456713 0.332648 0.067593 0.194901
0 0.535185 0.334293 0.067593 0.194901
0 0.610648 0.341283 0.067593 0.194901
0 0.691898 0.340461 0.067593 0.194901
0 0.766551 0.322574 0.068750 0.232319
0 0.839931 0.327097 0.068750 0.232319
0 0.912616 0.333676 0.068750 0.232319
0 0.881944 0.723890 0.078241 0.190378
0 0.809838 0.719572 0.065509 0.188322
0 0.738310 0.719778 0.068750 0.203536
0 0.670023 0.738692 0.066435 0.165707
0 0.597106 0.737870 0.066435 0.165707
0 0.526505 0.726768 0.066435 0.165707
0 0.451505 0.727179 0.066435 0.165707
0 0.380208 0.726357 0.066435 0.165707
0 0.305903 0.720189 0.066435 0.165707
0 0.233912 0.718133 0.066435 0.165707
0 0.156134 0.725123 0.066435 0.165707
0 0.084606 0.721834 0.066435 0.165707
