0 0.087500 0.216283 0.061813 0.136513
0 0.172390 0.221217 0.061813 0.136513
0 0.241071 0.222451 0.061813 0.136513
0 0.316071 0.219572 0.061813 0.136513
0 0.389286 0.223067 0.063736 0.143503
0 0.458516 0.226768 0.063736 0.143503
0 0.585852 0.232319 0.061264 0.140625
0 0.650687 0.233964 0.061264 0.140625
0 0.719918 0.239720 0.061264 0.140625
0 0.787500 0.238898 0.061264 0.140625
0 0.853984 0.241365 0.061264 0.140625
0 0.918132 0.238281 0.058791 0.136102
0 0.949863 0.543586 0.065110 0.164474
0 0.885577 0.541941 0.065110 0.164474
0 0.816346 0.561678 0.059615 0.134046
0 0.749038 0.558799 0.059615 0.134046
0 0.682555 0.556743 0.059615 0.134046
0 0.614698 0.561266 0.064560 0.144737
0 0.545192 0.563734 0.064560 0.144737
0 0.479258 0.561678 0.064560 0.144737
0 0.407418 0.546053 0.067582 0.179276
0 0.319505 0.557155 0.062637 0.147204
0 0.238736 0.555099 0.062637 0.147204
0 0.165385 0.554276 0.062637 0.147204
0 0.092857 0.551398 0.062637 0.147204
0 0.084478 0.884252 0.072253 0.181332
0 0.161264 0.896176 0.063736 0.149260
0 0.240110 0.896587 0.063736 0.149260
0 0.331593 0.896998 0.063736 0.149260
0 0.404396 0.893709 0.063736 0.149260
0 0.472253 0.892064 0.063736 0.149260
0 0.538187 0.891242 0.061538 0.142681
0 0.609615 0.893709 0.061538 0.142681
0 0.680082 0.879317 0.061264 0.168997
0 0.748077 0.878906 0.060440 0.163240
0 0.818407 0.882812 0.054945 0.148026
0 0.878846 0.881990 0.054945 0.148026
0 0.953297 0.869860 0.058242 0.169819
