0 0.106944 0.170847 0.039815 0.119655
0 0.152083 0.167558 0.039815 0.119655
0 0.201620 0.161390 0.039815 0.119655
0 0.250926 0.160567 0.039815 0.119655
0 0.299074 0.157278 0.039815 0.119655
0 0.346991 0.156456 0.039815 0.119655
0 0.398843 0.154194 0.043056 0.126645
0 0.453472 0.153372 0.043056 0.126645
0 0.505787 0.151316 0.043056 0.126645
0 0.557407 0.147615 0.043056 0.126645
0 0.612731 0.144326 0.043056 0.126645
0 0.670833 0.139803 0.043056 0.126645
0 0.726968 0.135691 0.046528 0.133224
0 0.784375 0.139803 0.046528 0.133224
0 0.791204 0.377673 0.043056 0.165707
0 0.730787 0.380551 0.043056 0.165707
0 0.676157 0.383018 0.041204 0.164062
0 0.617130 0.384663 0.041204 0.164062
0 0.560301 0.385485 0.036806 0.158306
0 0.507755 0.387541 0.036806 0.158306
0 0.452431 0.383840 0.036806 0.158306
0 0.406366 0.388363 0.036806 0.158306
0 0.355093 0.390831 0.045833 0.138569
0 0.303472 0.390008 0.045833 0.138569
0 0.253704 0.392887 0.045833 0.138569
0 0.206944 0.394531 0.045833 0.138569
0 0.162269 0.397821 0.045833 0.138569
0 0.117824 0.396998 0.045833 0.138569
0 0.113657 0.624794 0.045833 0.138569
0 0.162500 0.621505 0.045833 0.138569
0 0.204630 0.628495 0.045833 0.138569
0 0.261343 0.626028 0.045833 0.138569
0 0.306481 0.630551 0.045833 0.138569
0 0.357407 0.628495 0.045833 0.138569
0 0.408333 0.627673 0.045833 0.138569
0 0.461343 0.628084 0.045833 0.138569
0 0.510648 0.630962 0.045833 0.138569
0 0.568634 0.632812 0.043750 0.143914
0 0.616551 0.630757 0.043750 0.143914
0 0.665394 0.628084 0.040972 0.155839
0 0.728588 0.623150 0.040972 0.155839
0 0.782523 0.630140 0.040972 0.155839
0 0.782060 0.865748 0.040972 0.155839
0 0.720718 0.866160 0.040972 0.155839
0 0.672569 0.861637 0.040972 0.155839
0 0.618634 0.858347 0.040972 0.155839
0 0.572569 0.861225 0.040972 0.155839
0 0.521412 0.855469 0.040972 0.155839
0 0.476042 0.859581 0.040972 0.155839
0 0.422801 0.856291 0.040972 0.155839
0 0.360764 0.853002 0.040972 0.155839
0 0.309838 0.852179 0.040972 0.155839
0 0.262616 0.848479 0.041898 0.143503
0 0.213079 0.845189 0.041898 0.143503
0 0.166319 0.841900 0.041898 0.143503
0 0.118866 0.839844 0.041898 0.143503
