0 0.070862 0.354019 0.065608 0.179770
0 0.156549 0.355786 0.065608 0.179770
0 0.228228 0.360203 0.065608 0.179770
0 0.302241 0.352694 0.065608 0.179770
0 0.376955 0.354461 0.065608 0.179770
0 0.451669 0.358878 0.065608 0.179770
0 0.581718 0.365062 0.065608 0.179770
0 0.652930 0.364178 0.065608 0.179770
0 0.719472 0.365945 0.065608 0.179770
0 0.786948 0.366387 0.065608 0.179770
0 0.859328 0.365504 0.065608 0.179770
0 0.921317 0.367049 0.064908 0.172261
0 0.956456 0.762367 0.067476 0.210247
0 0.891781 0.764134 0.067476 0.210247
0 0.818935 0.783569 0.064674 0.180212
0 0.748424 0.784011 0.064674 0.180212
0 0.681648 0.788428 0.064674 0.180212
0 0.611837 0.793286 0.064674 0.180212
0 0.542727 0.789753 0.064674 0.180212
0 0.471515 0.787102 0.064674 0.180212
0 0.399953 0.772968 0.067243 0.216431
0 0.311814 0.789753 0.067009 0.195230
0 0.229629 0.790636 0.067009 0.195230
0 0.153280 0.789753 0.067009 0.195230
0 0.076932 0.791519 0.067009 0.195230
