0 0.059491 0.250507 0.078241 0.265957
0 0.140625 0.277862 0.070602 0.216312
0 0.215394 0.275329 0.070602 0.216312
0 0.306134 0.277356 0.070602 0.216312
0 0.383796 0.278875 0.066204 0.221378
0 0.452778 0.284448 0.066204 0.221378
0 0.521065 0.283435 0.066204 0.221378
0 0.595139 0.277356 0.066204 0.221378
0 0.666088 0.265198 0.062731 0.261905
0 0.737153 0.268744 0.062731 0.261905
0 0.810648 0.280902 0.058796 0.210233
0 0.877546 0.275329 0.058796 0.210233
0 0.958102 0.238855 0.063426 0.234549
0 0.934144 0.750760 0.053935 0.206687
0 0.866435 0.753546 0.062963 0.202128
0 0.799537 0.755572 0.062963 0.202128
0 0.732407 0.757599 0.062963 0.202128
0 0.663542 0.734043 0.060880 0.242148
0 0.597801 0.743668 0.060880 0.242148
0 0.531366 0.743161 0.061806 0.229990
0 0.463889 0.760638 0.062500 0.204154
0 0.360880 0.759625 0.062500 0.204154
0 0.293866 0.741388 0.062269 0.242655
0 0.225347 0.740375 0.062269 0.242655
0 0.155440 0.741388 0.062269 0.242655
0 0.085532 0.740375 0.062269 0.242655
