0 0.031597 0.251412 0.054398 0.180356
0 0.097106 0.246632 0.054398 0.180356
0 0.152894 0.245763 0.054398 0.180356
0 0.216088 0.244894 0.054398 0.180356
0 0.278125 0.242503 0.056250 0.185137
0 0.343287 0.241199 0.058796 0.192960
0 0.407176 0.237723 0.058796 0.192960
0 0.474537 0.236854 0.058796 0.192960
0 0.537037 0.235984 0.058796 0.192960
0 0.614005 0.235984 0.051620 0.208605
0 0.677894 0.230769 0.051620 0.208605
0 0.740394 0.228596 0.051620 0.208605
0 0.823727 0.226423 0.051157 0.225120
0 0.890625 0.219904 0.051157 0.225120
0 0.881944 0.544546 0.050463 0.199044
0 0.806944 0.545415 0.050463 0.199044
0 0.750000 0.544546 0.050463 0.199044
0 0.675000 0.543677 0.050463 0.199044
0 0.623148 0.542807 0.050463 0.199044
0 0.551620 0.543025 0.048148 0.188179
0 0.495370 0.539548 0.048148 0.188179
0 0.429861 0.542590 0.048148 0.188179
0 0.345602 0.539113 0.048148 0.188179
0 0.287269 0.539548 0.048148 0.188179
0 0.229977 0.548457 0.054398 0.179922
0 0.170949 0.546284 0.054398 0.179922
0 0.108218 0.551065 0.054398 0.179922
0 0.055671 0.551499 0.054398 0.179922
0 0.064005 0.817036 0.051620 0.171230
0 0.118750 0.839635 0.050926 0.132116
0 0.178935 0.822251 0.050926 0.132116
0 0.234954 0.823120 0.050926 0.132116
0 0.292361 0.831378 0.050926 0.132116
0 0.350463 0.837027 0.050926 0.132116
0 0.405093 0.834854 0.050926 0.132116
0 0.469560 0.843764 0.056713 0.167319
0 0.530671 0.852455 0.056713 0.167319
0 0.590162 0.852890 0.056713 0.167319
0 0.667593 0.839418 0.047222 0.196871
0 0.729745 0.842677 0.059954 0.196436
0 0.804282 0.842025 0.055324 0.189048
0 0.871875 0.847675 0.055324 0.189048
