0 0.083449 0.222451 0.105787 0.317434
0 0.192940 0.253289 0.087269 0.256579
0 0.303125 0.256579 0.087269 0.256579
0 0.410301 0.233964 0.092824 0.298520
0 0.513310 0.239309 0.092824 0.298520
0 0.616667 0.264186 0.093519 0.247122
0 0.715972 0.240337 0.078704 0.293997
0 0.816319 0.268709 0.092361 0.243832
0 0.914931 0.267887 0.092361 0.243832
0 0.881597 0.806949 0.076157 0.206826
0 0.793634 0.809005 0.076157 0.206826
0 0.709144 0.814350 0.076157 0.206826
0 0.607407 0.821135 0.083333 0.207237
0 0.512731 0.818668 0.083333 0.207237
0 0.418287 0.812500 0.083333 0.207237
0 0.327315 0.815789 0.083333 0.207237
0 0.230208 0.810033 0.084028 0.254112
0 0.122106 0.809211 0.084028 0.254112
