0 0.181365 0.310855 0.084514 0.214638
0 0.280577 0.312500 0.084514 0.214638
0 0.376378 0.318257 0.084514 0.214638
0 0.471391 0.319901 0.084514 0.214638
0 0.567192 0.320312 0.084514 0.214638
0 0.670866 0.343339 0.084514 0.214638
0 0.764304 0.342516 0.084514 0.214638
0 0.868766 0.342928 0.084514 0.214638
0 0.877428 0.798314 0.068766 0.245477
0 0.803018 0.800576 0.072178 0.254112
0 0.724278 0.795230 0.072178 0.254112
0 0.643701 0.793174 0.072178 0.254112
0 0.559186 0.791118 0.072178 0.254112
0 0.472310 0.797286 0.093176 0.240132
0 0.374147 0.791941 0.093176 0.240132
0 0.273622 0.791118 0.093176 0.240132
0 0.171785 0.789062 0.093176 0.240132
