0 0.071245 0.229030 0.100770 0.190789
0 0.177150 0.229441 0.100770 0.190789
0 0.405969 0.238281 0.089217 0.186266
0 0.505135 0.244038 0.089217 0.186266
0 0.615212 0.243832 0.093710 0.185033
0 0.722080 0.252056 0.093710 0.185033
0 0.821887 0.251234 0.093710 0.185033
0 0.922015 0.261513 0.093710 0.185033
0 0.910141 0.572574 0.091784 0.173109
0 0.814827 0.567229 0.091784 0.173109
0 0.715340 0.567229 0.091784 0.173109
0 0.615854 0.565584 0.091784 0.173109
0 0.514602 0.552220 0.095315 0.214638
0 0.411585 0.548931 0.095315 0.214638
0 0.306322 0.569490 0.095956 0.170230
0 0.198331 0.562294 0.098203 0.178043
0 0.090822 0.561472 0.098203 0.178043
0 0.107349 0.865543 0.087612 0.157072
0 0.208119 0.848273 0.094673 0.197368
0 0.312099 0.880551 0.092747 0.146793
0 0.412388 0.854030 0.093710 0.203947
0 0.509467 0.867804 0.085045 0.161595
0 0.609756 0.875411 0.082157 0.140625
0 0.703306 0.862253 0.081194 0.160362
0 0.796374 0.863487 0.081194 0.160362
0 0.900032 0.875822 0.080552 0.139803
