0 0.038236 0.362366 0.068315 0.192827
0 0.115473 0.366558 0.068315 0.192827
0 0.209788 0.364229 0.068315 0.192827
0 0.297859 0.345831 0.070609 0.224034
0 0.373311 0.348626 0.070609 0.224034
0 0.631022 0.348859 0.068570 0.212389
0 0.700357 0.347927 0.068570 0.212389
0 0.796457 0.369585 0.072648 0.180252
0 0.877517 0.370051 0.072648 0.180252
0 0.950676 0.371914 0.072648 0.180252
0 0.940224 0.756870 0.060413 0.204937
0 0.869105 0.761528 0.060413 0.204937
0 0.801045 0.774103 0.063472 0.173265
0 0.733495 0.782487 0.063472 0.173265
0 0.665435 0.784117 0.062452 0.167210
0 0.593551 0.784583 0.062452 0.167210
0 0.523706 0.779925 0.062452 0.167210
0 0.454754 0.761993 0.059648 0.197485
0 0.369105 0.754541 0.059648 0.197485
0 0.298751 0.753610 0.059648 0.197485
0 0.218073 0.782254 0.063982 0.175594
0 0.140326 0.780391 0.063982 0.175594
0 0.051619 0.779460 0.063982 0.175594
