0 0.129630 0.296922 0.047685 0.158648
0 0.179630 0.299957 0.047685 0.158648
0 0.231250 0.297789 0.047685 0.158648
0 0.284954 0.292588 0.047685 0.158648
0 0.337963 0.296055 0.047685 0.158648
0 0.396991 0.295189 0.047685 0.158648
0 0.456134 0.291938 0.042824 0.181621
0 0.504977 0.292371 0.042824 0.181621
0 0.571644 0.294105 0.042824 0.181621
0 0.631366 0.296272 0.042824 0.181621
0 0.693866 0.288470 0.042824 0.181621
0 0.763542 0.283702 0.042824 0.181621
0 0.824421 0.285436 0.042824 0.181621
0 0.893403 0.285869 0.042824 0.181621
0 0.871065 0.585176 0.047685 0.180321
0 0.817824 0.586909 0.047685 0.180321
0 0.741088 0.579541 0.040972 0.180321
0 0.687153 0.585176 0.040972 0.180321
0 0.633218 0.585609 0.043750 0.167317
0 0.569097 0.580191 0.049769 0.167750
0 0.512153 0.581925 0.049769 0.167750
0 0.455440 0.579757 0.049769 0.167750
0 0.399884 0.573255 0.049769 0.167750
0 0.345949 0.573689 0.049769 0.167750
0 0.292014 0.572822 0.049769 0.167750
0 0.235764 0.573255 0.049769 0.167750
0 0.184606 0.567187 0.049769 0.167750
0 0.129282 0.567620 0.049769 0.167750
0 0.139468 0.813394 0.042824 0.153879
0 0.186921 0.816428 0.042824 0.153879
0 0.240625 0.819896 0.042824 0.153879
0 0.292940 0.824231 0.042824 0.153879
0 0.344676 0.822497 0.035648 0.166016
0 0.399769 0.822930 0.035648 0.166016
0 0.473727 0.835284 0.042361 0.175986
0 0.530440 0.836151 0.042361 0.175986
0 0.579977 0.836584 0.042361 0.175986
0 0.638773 0.843520 0.042361 0.175986
0 0.688310 0.845687 0.042361 0.175986
0 0.747801 0.850022 0.042361 0.175986
0 0.799421 0.851756 0.042361 0.175986
0 0.868403 0.856524 0.042361 0.175986
