0 0.118294 0.288147 0.091334 0.297247
0 0.212792 0.314046 0.091609 0.243584
0 0.315406 0.297480 0.096561 0.300980
0 0.418707 0.325945 0.089684 0.249650
0 0.522421 0.323612 0.089684 0.249650
0 0.623934 0.328745 0.089684 0.249650
0 0.731774 0.339011 0.089684 0.249650
0 0.847180 0.316379 0.097111 0.292114
0 0.799862 0.781615 0.097662 0.274382
0 0.710591 0.773215 0.079780 0.272515
0 0.514030 0.766682 0.071252 0.256650
0 0.407840 0.758283 0.071252 0.256650
0 0.315818 0.751517 0.091334 0.276715
0 0.223934 0.743117 0.091334 0.276715
0 0.134525 0.738451 0.091334 0.276715
