0 0.054058 0.327743 0.067536 0.202956
0 0.133188 0.329449 0.067536 0.202956
0 0.208841 0.333712 0.069275 0.200114
0 0.282754 0.332575 0.069275 0.200114
0 0.358406 0.337123 0.069275 0.200114
0 0.434638 0.337123 0.069275 0.200114
0 0.566667 0.336839 0.066667 0.192723
0 0.641449 0.335702 0.066667 0.192723
0 0.711014 0.337408 0.066667 0.192723
0 0.785797 0.339113 0.066667 0.192723
0 0.856812 0.339397 0.067826 0.189881
0 0.931594 0.333712 0.067826 0.189881
0 0.941304 0.777430 0.066957 0.184764
0 0.871739 0.780841 0.066957 0.184764
0 0.788116 0.781410 0.060290 0.187038
0 0.624638 0.763786 0.070145 0.225696
0 0.695652 0.764355 0.070145 0.225696
0 0.371449 0.764923 0.066957 0.218874
0 0.299855 0.759238 0.066957 0.218874
0 0.213043 0.787663 0.066667 0.188175
0 0.124348 0.784821 0.066667 0.188175
0 0.047536 0.782547 0.066667 0.188175
