0 0.091088 0.325351 0.096991 0.270211
0 0.195486 0.323155 0.096991 0.270211
0 0.307292 0.333260 0.096991 0.270211
0 0.413310 0.304921 0.098380 0.333040
0 0.517014 0.313269 0.098380 0.333040
0 0.619213 0.341388 0.098611 0.272408
0 0.726505 0.346880 0.090972 0.273726
0 0.825116 0.351714 0.090972 0.273726
0 0.923958 0.352153 0.090972 0.273726
0 0.900116 0.809974 0.081250 0.196397
0 0.801852 0.791960 0.081481 0.235940
0 0.703704 0.792399 0.081481 0.235940
0 0.612616 0.801626 0.082176 0.196397
0 0.512963 0.788225 0.082407 0.220562
0 0.411806 0.757689 0.082407 0.264938
0 0.318634 0.796353 0.083565 0.212214
0 0.221065 0.799429 0.084722 0.200791
0 0.117824 0.782074 0.088889 0.246924
