0 0.165856 0.214433 0.050694 0.135280
0 0.223958 0.216077 0.050694 0.135280
0 0.281366 0.216488 0.050694 0.135280
0 0.338079 0.218133 0.050694 0.135280
0 0.396875 0.217311 0.050694 0.135280
0 0.454282 0.224301 0.050694 0.135280
0 0.555208 0.224712 0.050694 0.135280
0 0.612616 0.228002 0.050694 0.135280
0 0.668056 0.229852 0.048611 0.132401
0 0.722454 0.226151 0.048611 0.132401
0 0.777894 0.230263 0.050231 0.138980
0 0.834606 0.236020 0.050231 0.138980
0 0.841435 0.539268 0.049074 0.127056
0 0.787269 0.545025 0.049074 0.127056
0 0.722454 0.538857 0.049074 0.127056
0 0.653356 0.528577 0.050694 0.156661
0 0.599421 0.527755 0.050694 0.156661
0 0.407986 0.526933 0.050694 0.156661
0 0.353819 0.521176 0.050694 0.156661
0 0.284954 0.534128 0.054167 0.134046
0 0.220139 0.536184 0.054167 0.134046
0 0.160185 0.532484 0.054167 0.134046
0 0.167361 0.826480 0.046296 0.128289
0 0.230556 0.828125 0.046296 0.128289
0 0.287963 0.835115 0.046296 0.128289
0 0.349190 0.817640 0.051157 0.151727
0 0.403125 0.816817 0.051157 0.151727
0 0.468171 0.821340 0.049306 0.141036
0 0.519676 0.832031 0.049074 0.126234
0 0.574769 0.832854 0.049074 0.126234
0 0.625000 0.830387 0.049074 0.126234
0 0.675694 0.829564 0.049074 0.126234
0 0.728241 0.834910 0.049074 0.126234
0 0.782060 0.820107 0.049306 0.144326
0 0.834375 0.820518 0.049306 0.144326
