0 0.055068 0.160773 0.067568 0.103618
0 0.129392 0.164474 0.067568 0.103618
0 0.201689 0.164885 0.067568 0.103618
0 0.281419 0.166118 0.067568 0.103618
0 0.357432 0.165296 0.067568 0.103618
0 0.431419 0.169819 0.067568 0.103618
0 0.526014 0.174342 0.060811 0.109375
0 0.595608 0.178865 0.060811 0.109375
0 0.667230 0.177220 0.060811 0.109375
0 0.749324 0.178454 0.060811 0.109375
0 0.897635 0.187500 0.060811 0.109375
0 0.861824 0.446752 0.054054 0.108964
0 0.797973 0.447163 0.054054 0.108964
0 0.725338 0.443873 0.054054 0.108964
0 0.655068 0.442229 0.054054 0.108964
0 0.595270 0.443462 0.054054 0.108964
0 0.525000 0.440584 0.054054 0.108964
0 0.405068 0.436678 0.058108 0.111842
0 0.336824 0.433388 0.058108 0.111842
0 0.267568 0.435033 0.058108 0.111842
0 0.201014 0.430510 0.058108 0.111842
0 0.131081 0.428865 0.058108 0.111842
0 0.061824 0.426809 0.058108 0.111842
0 0.047635 0.684005 0.055405 0.107319
0 0.121959 0.684005 0.055405 0.107319
0 0.203378 0.684416 0.055405 0.107319
0 0.277872 0.678248 0.065878 0.133635
0 0.346284 0.681949 0.062838 0.131990
0 0.573986 0.686472 0.062838 0.131990
0 0.642568 0.684416 0.062838 0.131990
0 0.731926 0.697574 0.056419 0.101562
0 0.803209 0.697985 0.056419 0.101562
0 0.870101 0.695107 0.056419 0.101562
0 0.867230 0.931332 0.064865 0.120066
0 0.805405 0.931743 0.064865 0.120066
0 0.737500 0.944079 0.064189 0.105263
0 0.671959 0.945724 0.064189 0.105263
0 0.611824 0.945724 0.064189 0.105263
0 0.543581 0.941612 0.064189 0.105263
0 0.482770 0.940789 0.064189 0.105263
0 0.417061 0.931743 0.057095 0.117599
0 0.335304 0.927632 0.057095 0.117599
0 0.269764 0.920230 0.057095 0.117599
0 0.202534 0.939556 0.057095 0.117599
0 0.126858 0.939556 0.057095 0.117599
0 0.054223 0.939967 0.057095 0.117599
