0 0.130717 0.151727 0.087145 0.101151
0 0.235167 0.150905 0.087145 0.101151
0 0.332200 0.148849 0.087145 0.101151
0 0.439740 0.145970 0.087145 0.101151
0 0.536774 0.149260 0.087145 0.101151
0 0.652349 0.148438 0.087145 0.101151
0 0.754944 0.150905 0.087145 0.101151
0 0.863721 0.148026 0.087145 0.101151
0 0.867429 0.360814 0.080964 0.108141
0 0.787701 0.359992 0.080964 0.108141
0 0.703028 0.361637 0.080964 0.108141
0 0.618356 0.358347 0.080964 0.108141
0 0.541718 0.358758 0.080964 0.108141
0 0.443758 0.365337 0.091471 0.107319
0 0.340544 0.364515 0.091471 0.107319
0 0.242892 0.364515 0.091471 0.107319
0 0.144623 0.364926 0.091471 0.107319
0 0.162546 0.569696 0.086527 0.094161
0 0.262052 0.566817 0.086527 0.094161
0 0.351051 0.571340 0.086527 0.094161
0 0.446230 0.563939 0.086527 0.094161
0 0.556242 0.562706 0.087763 0.106497
0 0.662546 0.569490 0.088999 0.093750
0 0.752781 0.567434 0.088999 0.093750
0 0.858467 0.566612 0.088999 0.093750
0 0.833745 0.744655 0.088999 0.093750
0 0.735785 0.753289 0.085909 0.081414
0 0.644314 0.754523 0.085909 0.081414
0 0.555933 0.750411 0.085909 0.081414
0 0.461372 0.748355 0.085909 0.081414
0 0.360012 0.743421 0.085909 0.081414
0 0.273486 0.745888 0.085909 0.081414
0 0.178925 0.734786 0.085909 0.081414
0 0.183869 0.888569 0.085909 0.081414
0 0.274722 0.886513 0.085909 0.081414
0 0.363721 0.891447 0.085909 0.081414
0 0.450247 0.893092 0.069839 0.086349
0 0.734549 0.893092 0.069839 0.086349
0 0.814586 0.893914 0.079110 0.089638
