0 0.047083 0.144120 0.062777 0.116365
0 0.122143 0.142475 0.062777 0.116365
0 0.195155 0.146176 0.062777 0.116365
0 0.269191 0.146176 0.062777 0.116365
0 0.339475 0.147821 0.062777 0.116365
0 0.414534 0.150288 0.062777 0.116365
0 0.541795 0.150699 0.062777 0.116365
0 0.614807 0.148643 0.062777 0.116365
0 0.684408 0.152344 0.062777 0.116365
0 0.754691 0.148232 0.062777 0.116365
0 0.831457 0.151933 0.062777 0.116365
0 0.901740 0.157689 0.062777 0.116365
0 0.899522 0.422697 0.058342 0.106908
0 0.836063 0.421875 0.058342 0.106908
0 0.751450 0.424342 0.058342 0.106908
0 0.664620 0.412623 0.068236 0.137747
0 0.595019 0.411801 0.068236 0.137747
0 0.352439 0.410979 0.068236 0.137747
0 0.286250 0.410979 0.068236 0.137747
0 0.200785 0.417558 0.061071 0.108141
0 0.116172 0.417969 0.061071 0.108141
0 0.040771 0.411390 0.061071 0.108141
0 0.054077 0.672903 0.061071 0.108141
0 0.131525 0.672081 0.061071 0.108141
0 0.199079 0.675370 0.061071 0.108141
0 0.275674 0.658923 0.058683 0.122944
0 0.345957 0.659334 0.058683 0.122944
0 0.426476 0.659745 0.058683 0.122944
0 0.491470 0.675781 0.059024 0.108964
0 0.558683 0.679893 0.061754 0.105674
0 0.625213 0.681538 0.061754 0.105674
0 0.691061 0.680715 0.061754 0.105674
0 0.754862 0.684005 0.061754 0.105674
0 0.824974 0.671669 0.061412 0.135280
0 0.895940 0.672081 0.061412 0.135280
0 0.045889 0.909128 0.071307 0.106086
0 0.132549 0.905222 0.065165 0.117188
0 0.200102 0.904400 0.065165 0.117188
0 0.271580 0.913035 0.055954 0.105674
0 0.348175 0.911595 0.070624 0.117599
0 0.423917 0.908306 0.061071 0.117599
0 0.486012 0.909539 0.061071 0.117599
0 0.550665 0.916118 0.047765 0.102796
0 0.612760 0.909951 0.047765 0.102796
0 0.681849 0.908306 0.058342 0.119243
0 0.745650 0.912007 0.058342 0.119243
0 0.806551 0.920641 0.061412 0.100329
0 0.878881 0.916530 0.061412 0.100329
