0 0.068280 0.085732 0.066551 0.093339
0 0.144771 0.091488 0.066551 0.093339
0 0.221694 0.092722 0.066551 0.093339
0 0.305748 0.092722 0.063526 0.088405
0 0.385264 0.097245 0.063526 0.088405
0 0.455704 0.096423 0.063526 0.088405
0 0.561150 0.100123 0.063526 0.088405
0 0.630294 0.104646 0.063526 0.088405
0 0.707649 0.100946 0.063526 0.088405
0 0.788462 0.106702 0.063526 0.088405
0 0.863656 0.109786 0.061798 0.087171
0 0.937554 0.111020 0.061798 0.087171
0 0.902550 0.322368 0.059205 0.084704
0 0.832973 0.321546 0.059205 0.084704
0 0.764261 0.318668 0.059205 0.084704
0 0.693388 0.319901 0.059205 0.084704
0 0.632887 0.317023 0.059205 0.084704
0 0.559421 0.317023 0.059205 0.084704
0 0.437986 0.314350 0.060933 0.091694
0 0.368410 0.313528 0.060933 0.091694
0 0.299697 0.311472 0.060933 0.091694
0 0.224071 0.309827 0.060933 0.091694
0 0.155359 0.306538 0.060933 0.091694
0 0.082325 0.306949 0.060933 0.091694
0 0.069360 0.513980 0.060069 0.087171
0 0.145419 0.515214 0.060069 0.087171
0 0.227528 0.513158 0.060069 0.087171
0 0.309853 0.508429 0.067416 0.108141
0 0.372083 0.512130 0.067416 0.108141
0 0.608470 0.513363 0.065687 0.104030
0 0.678911 0.511719 0.065687 0.104030
0 0.765125 0.518709 0.058341 0.083470
0 0.840320 0.523232 0.058341 0.083470
0 0.906007 0.522410 0.058341 0.083470
0 0.899957 0.706414 0.059205 0.097039
0 0.833838 0.707648 0.059205 0.097039
0 0.772040 0.710115 0.054019 0.086349
0 0.708513 0.715872 0.054019 0.086349
0 0.643258 0.716283 0.054019 0.086349
0 0.574546 0.716283 0.054019 0.086349
0 0.513397 0.716077 0.059637 0.085115
0 0.448574 0.701686 0.059637 0.085115
0 0.372947 0.699630 0.059637 0.085115
0 0.300130 0.695518 0.058341 0.091694
0 0.228608 0.712377 0.058773 0.082648
0 0.157303 0.711554 0.058773 0.082648
0 0.077355 0.711554 0.058773 0.082648
0 0.075411 0.895559 0.073034 0.093750
0 0.154494 0.893503 0.064391 0.097862
0 0.220182 0.893914 0.064391 0.097862
0 0.293215 0.899671 0.062662 0.087171
0 0.369706 0.899671 0.062662 0.087171
0 0.441443 0.898438 0.063526 0.094572
0 0.508427 0.896382 0.063526 0.094572
0 0.571305 0.901110 0.053587 0.088405
0 0.631374 0.900288 0.053587 0.088405
0 0.698358 0.891653 0.051858 0.092516
0 0.757131 0.899877 0.051858 0.092516
0 0.821953 0.898849 0.063959 0.090461
0 0.885048 0.899671 0.058773 0.080592
