0 0.114468 0.348176 0.063657 0.192326
0 0.195023 0.350071 0.063657 0.192326
0 0.271181 0.355282 0.063657 0.192326
0 0.343056 0.331123 0.063426 0.223591
0 0.413426 0.333491 0.063426 0.223591
0 0.498380 0.348650 0.063426 0.223591
0 0.563426 0.372099 0.059722 0.189957
0 0.627315 0.369730 0.059722 0.189957
0 0.691204 0.370204 0.059722 0.189957
0 0.754051 0.374230 0.060417 0.182852
0 0.819560 0.376125 0.060417 0.182852
0 0.884144 0.354808 0.056250 0.228328
0 0.953009 0.359072 0.057407 0.217906
0 0.917708 0.772620 0.063194 0.162009
0 0.863773 0.774514 0.063194 0.162009
0 0.802662 0.760303 0.061343 0.191378
0 0.738542 0.757935 0.061343 0.191378
0 0.675231 0.772856 0.048148 0.168167
0 0.619213 0.771909 0.048148 0.168167
0 0.555671 0.761014 0.056713 0.198484
0 0.492940 0.764330 0.056713 0.198484
0 0.421759 0.774751 0.070833 0.181431
0 0.340856 0.775699 0.059491 0.180483
0 0.279051 0.740644 0.059491 0.180483
0 0.206250 0.752013 0.065278 0.202274
0 0.126852 0.755803 0.083796 0.203221
