0 0.099306 0.312706 0.044907 0.131168
0 0.150926 0.309005 0.044907 0.131168
0 0.200926 0.305715 0.044907 0.131168
0 0.254861 0.306127 0.044907 0.131168
0 0.310648 0.305304 0.044907 0.131168
0 0.358796 0.300781 0.044907 0.131168
0 0.417593 0.298725 0.044907 0.131168
0 0.473611 0.295025 0.044907 0.131168
0 0.531019 0.296464 0.046296 0.140625
0 0.586343 0.295641 0.046296 0.140625
0 0.643750 0.290502 0.052315 0.139391
0 0.709028 0.288446 0.052315 0.139391
0 0.770833 0.283923 0.052315 0.139391
0 0.834722 0.288035 0.052315 0.139391
0 0.839120 0.543586 0.047222 0.171053
0 0.775000 0.548109 0.047222 0.171053
0 0.716088 0.548725 0.041435 0.163240
0 0.651273 0.547903 0.041435 0.163240
0 0.592245 0.545847 0.041435 0.163240
0 0.533912 0.552837 0.041435 0.163240
0 0.469792 0.549137 0.041435 0.163240
0 0.421644 0.551192 0.041435 0.163240
0 0.367361 0.555921 0.049537 0.156250
0 0.311806 0.555099 0.049537 0.156250
0 0.257176 0.560855 0.049537 0.156250
0 0.208102 0.560033 0.049537 0.156250
0 0.157176 0.558799 0.049537 0.156250
0 0.102315 0.558388 0.049537 0.156250
0 0.104861 0.801809 0.049537 0.156250
0 0.158912 0.803660 0.044213 0.151727
0 0.203356 0.808183 0.044213 0.151727
0 0.263542 0.807360 0.044213 0.151727
0 0.314468 0.806538 0.044213 0.151727
0 0.370486 0.808183 0.044213 0.151727
0 0.425000 0.810444 0.048611 0.150493
0 0.480324 0.810855 0.048611 0.150493
0 0.533333 0.810033 0.048611 0.150493
0 0.600231 0.818873 0.039815 0.149260
0 0.649421 0.814762 0.042824 0.168174
0 0.704514 0.811472 0.042824 0.168174
0 0.775810 0.818051 0.042824 0.168174
0 0.830208 0.818462 0.042824 0.168174
