0 0.143991 0.322944 0.080499 0.223254
0 0.238520 0.320734 0.087585 0.227675
0 0.340561 0.329134 0.087585 0.227675
0 0.442319 0.328249 0.087585 0.227675
0 0.550312 0.317197 0.081916 0.266578
0 0.664116 0.344164 0.088435 0.233864
0 0.761054 0.341954 0.088435 0.233864
0 0.867914 0.349027 0.088435 0.233864
0 0.828798 0.785367 0.088435 0.233864
0 0.726474 0.808576 0.092971 0.208665
0 0.625850 0.796198 0.092971 0.208665
0 0.538549 0.796198 0.092971 0.208665
0 0.440760 0.787798 0.092971 0.208665
0 0.341412 0.752874 0.088719 0.211317
0 0.249150 0.774757 0.089002 0.200265
0 0.156037 0.744032 0.085884 0.233422
