0 0.107176 0.380057 0.060648 0.199429
0 0.183333 0.379105 0.060648 0.199429
0 0.273380 0.379581 0.060648 0.199429
0 0.354282 0.362208 0.067361 0.240838
0 0.423958 0.365540 0.067361 0.240838
0 0.664352 0.357449 0.063426 0.229415
0 0.732639 0.357925 0.063426 0.229415
0 0.824074 0.376963 0.060648 0.186578
0 0.900231 0.376011 0.060648 0.186578
0 0.967824 0.370300 0.060648 0.186578
0 0.955324 0.779629 0.062963 0.203713
0 0.891204 0.780105 0.062963 0.203713
0 0.824190 0.805331 0.055324 0.166587
0 0.762847 0.805807 0.055324 0.166587
0 0.700116 0.807711 0.055324 0.166587
0 0.630556 0.810566 0.060185 0.179914
0 0.567130 0.812470 0.060185 0.179914
0 0.503935 0.793194 0.058333 0.206092
0 0.422454 0.792242 0.058333 0.206092
0 0.353935 0.794622 0.058333 0.206092
0 0.282755 0.818182 0.058565 0.168491
0 0.211458 0.811042 0.058565 0.168491
0 0.129282 0.817706 0.058565 0.168491
