0 0.094296 0.092311 0.062032 0.084293
0 0.162157 0.089021 0.062032 0.084293
0 0.234596 0.093956 0.062032 0.084293
0 0.334929 0.093133 0.062032 0.084293
0 0.404871 0.096834 0.062032 0.084293
0 0.472731 0.099301 0.062032 0.084293
0 0.565570 0.103824 0.062032 0.084293
0 0.628851 0.104235 0.062032 0.084293
0 0.712115 0.105469 0.062032 0.084293
0 0.801624 0.103824 0.062032 0.084293
0 0.865737 0.106291 0.062032 0.084293
0 0.932764 0.106291 0.062032 0.084293
0 0.903414 0.318668 0.059117 0.087993
0 0.838468 0.315378 0.059117 0.087993
0 0.773522 0.313734 0.059117 0.087993
0 0.706495 0.314967 0.059117 0.087993
0 0.642381 0.315378 0.059117 0.087993
0 0.577435 0.314556 0.059117 0.087993
0 0.451707 0.309211 0.059117 0.087993
0 0.383430 0.307155 0.059117 0.087993
0 0.313905 0.308799 0.059117 0.087993
0 0.240216 0.306743 0.059117 0.087993
0 0.174022 0.305921 0.059117 0.087993
0 0.095337 0.305099 0.059117 0.087993
0 0.101582 0.516447 0.059117 0.087993
0 0.169026 0.518914 0.059117 0.087993
0 0.240216 0.517270 0.059117 0.087993
0 0.321815 0.520559 0.059117 0.087993
0 0.401957 0.513158 0.061199 0.107730
0 0.468360 0.525288 0.060783 0.085938
0 0.534971 0.521176 0.060783 0.085938
0 0.606162 0.521587 0.060783 0.085938
0 0.670691 0.524054 0.060783 0.085938
0 0.735221 0.527755 0.060783 0.085938
0 0.798501 0.526933 0.060783 0.085938
0 0.866361 0.517270 0.065779 0.108553
0 0.935054 0.517270 0.065779 0.108553
0 0.935262 0.721628 0.065362 0.100329
0 0.866986 0.731291 0.058701 0.079359
0 0.802040 0.729646 0.058701 0.079359
0 0.732098 0.725123 0.057036 0.105674
0 0.665903 0.732113 0.057036 0.105674
0 0.599709 0.735609 0.057868 0.090461
0 0.531432 0.733553 0.057868 0.090461
0 0.464405 0.731908 0.057868 0.090461
0 0.399042 0.737664 0.057868 0.090461
0 0.328684 0.734786 0.057868 0.090461
0 0.243339 0.733964 0.057868 0.090461
0 0.169650 0.735197 0.057868 0.090461
0 0.095337 0.728002 0.066611 0.111431
0 0.092423 0.940584 0.066611 0.111431
0 0.162365 0.939762 0.066611 0.111431
0 0.237510 0.939556 0.061199 0.112664
0 0.300791 0.938734 0.061199 0.112664
0 0.371149 0.947163 0.068693 0.098273
0 0.466903 0.950041 0.068693 0.098273
0 0.538926 0.937911 0.061199 0.109375
0 0.605537 0.933799 0.061199 0.109375
0 0.672148 0.931743 0.061199 0.109375
0 0.736470 0.943051 0.058285 0.094161
0 0.800999 0.945518 0.058285 0.094161
0 0.865529 0.941406 0.058285 0.094161
0 0.932140 0.945107 0.058285 0.094161
