0 0.130836 0.134023 0.086198 0.128746
0 0.236532 0.133179 0.086198 0.128746
0 0.335044 0.131068 0.086198 0.128746
0 0.439713 0.128113 0.086198 0.128746
0 0.547973 0.128113 0.086198 0.128746
0 0.657773 0.138666 0.086198 0.128746
0 0.762442 0.138033 0.092355 0.119038
0 0.878912 0.135922 0.092355 0.119038
0 0.875834 0.399747 0.074910 0.139299
0 0.789636 0.396792 0.074910 0.139299
0 0.709082 0.398902 0.074910 0.139299
0 0.629554 0.395948 0.074910 0.139299
0 0.536685 0.397214 0.074910 0.139299
0 0.451001 0.399114 0.094407 0.127902
0 0.343253 0.394892 0.094407 0.127902
0 0.233966 0.396159 0.094407 0.127902
0 0.134428 0.394048 0.094407 0.127902
0 0.152642 0.651752 0.086711 0.115661
0 0.247563 0.651752 0.086711 0.115661
0 0.346075 0.653018 0.086711 0.115661
0 0.436891 0.651330 0.086711 0.115661
0 0.556183 0.643309 0.077989 0.136767
0 0.663161 0.657450 0.096973 0.111862
0 0.762186 0.659561 0.096973 0.111862
0 0.861211 0.659983 0.096973 0.111862
0 0.836326 0.887505 0.093381 0.130435
0 0.739610 0.898058 0.090816 0.104263
0 0.636993 0.893837 0.090816 0.104263
0 0.545664 0.887505 0.090816 0.104263
0 0.453822 0.886661 0.090816 0.104263
0 0.354284 0.868088 0.090816 0.104263
0 0.261416 0.878219 0.090816 0.104263
0 0.159312 0.866399 0.090816 0.104263
