0 0.245584 0.139803 0.049272 0.116776
0 0.301054 0.133840 0.050511 0.113076
0 0.352804 0.131579 0.052990 0.103618
0 0.405795 0.122944 0.052990 0.103618
0 0.457856 0.124178 0.052990 0.103618
0 0.512395 0.123355 0.052990 0.103618
0 0.566315 0.125617 0.048032 0.102385
0 0.619306 0.126850 0.048032 0.102385
0 0.673226 0.130551 0.048032 0.102385
0 0.731174 0.136308 0.048032 0.102385
0 0.780756 0.142475 0.048032 0.102385
0 0.831267 0.145765 0.048032 0.102385
0 0.889216 0.152755 0.048032 0.102385
0 0.893864 0.371094 0.048032 0.102385
0 0.843043 0.370271 0.048032 0.102385
0 0.795321 0.366982 0.048032 0.102385
0 0.746979 0.366160 0.048032 0.102385
0 0.693678 0.365337 0.048032 0.102385
0 0.640998 0.363692 0.048032 0.102385
0 0.591106 0.366160 0.048032 0.102385
0 0.539355 0.365337 0.048032 0.102385
0 0.490084 0.362048 0.048032 0.102385
0 0.440192 0.362459 0.048032 0.102385
0 0.389991 0.362870 0.048032 0.102385
0 0.339170 0.358758 0.048032 0.102385
0 0.287419 0.356702 0.048032 0.102385
0 0.235048 0.354646 0.048032 0.102385
0 0.237682 0.533306 0.046483 0.120888
0 0.287264 0.533306 0.046483 0.120888
0 0.334676 0.543997 0.040285 0.096217
0 0.382708 0.544408 0.040285 0.096217
0 0.428262 0.545641 0.040285 0.096217
0 0.480322 0.549137 0.047103 0.099918
0 0.535792 0.550370 0.047103 0.099918
0 0.583824 0.546258 0.047103 0.099918
0 0.639758 0.538446 0.047412 0.118832
0 0.687171 0.537212 0.040595 0.113076
0 0.732414 0.544202 0.040595 0.113076
0 0.780291 0.543586 0.043384 0.115132
0 0.828943 0.555099 0.041525 0.101151
0 0.881934 0.545230 0.042764 0.114309
0 0.874806 0.722451 0.042764 0.114309
0 0.826464 0.721628 0.042764 0.114309
0 0.776418 0.729030 0.042454 0.095395
0 0.729625 0.725740 0.042454 0.095395
0 0.682213 0.727385 0.042454 0.095395
0 0.635420 0.724095 0.042454 0.095395
0 0.584599 0.723273 0.042454 0.095395
0 0.534707 0.724918 0.042454 0.095395
0 0.486055 0.722862 0.042454 0.095395
0 0.437713 0.718750 0.042454 0.095395
0 0.391230 0.719161 0.042454 0.095395
0 0.340719 0.708676 0.046793 0.109786
0 0.286489 0.707854 0.046793 0.109786
0 0.240626 0.710321 0.046793 0.109786
0 0.242485 0.894120 0.046793 0.109786
0 0.291757 0.903783 0.044314 0.091283
0 0.337310 0.897615 0.044314 0.091283
0 0.388441 0.903372 0.044314 0.091283
0 0.434924 0.904605 0.044314 0.091283
0 0.479393 0.900905 0.039046 0.105263
0 0.529594 0.898026 0.039046 0.105263
0 0.579486 0.897204 0.039046 0.105263
0 0.625813 0.903577 0.041215 0.088405
0 0.671367 0.910567 0.041215 0.088405
0 0.725906 0.906456 0.041215 0.088405
0 0.772079 0.910979 0.041215 0.088405
0 0.813294 0.916735 0.041215 0.088405
0 0.863805 0.912623 0.041215 0.088405
