0 0.053588 0.189145 0.049306 0.151316
0 0.109606 0.197368 0.049306 0.151316
0 0.161921 0.192845 0.049306 0.151316
0 0.214931 0.193257 0.049306 0.151316
0 0.265162 0.187089 0.049306 0.151316
0 0.321875 0.188734 0.049306 0.151316
0 0.378588 0.187911 0.049306 0.151316
0 0.432176 0.186472 0.051852 0.155016
0 0.489583 0.184416 0.051852 0.155016
0 0.550000 0.185033 0.046296 0.160362
0 0.603241 0.182771 0.043981 0.172286
0 0.655787 0.178660 0.039815 0.170641
0 0.722454 0.177837 0.039815 0.170641
0 0.776389 0.173314 0.039815 0.170641
0 0.770486 0.429688 0.041898 0.157072
0 0.710069 0.426398 0.041898 0.157072
0 0.661921 0.432977 0.041898 0.157072
0 0.602894 0.432155 0.041898 0.157072
0 0.554398 0.425370 0.040741 0.155016
0 0.500463 0.428248 0.040741 0.155016
0 0.453009 0.431538 0.040741 0.155016
0 0.399769 0.434416 0.040741 0.155016
0 0.330556 0.426809 0.046759 0.152138
0 0.277315 0.429276 0.037963 0.143092
0 0.230671 0.430099 0.046991 0.142270
0 0.177431 0.428043 0.046991 0.142270
0 0.122801 0.435855 0.046991 0.142270
0 0.077431 0.437911 0.046991 0.142270
0 0.086806 0.643709 0.043519 0.134457
0 0.135648 0.654400 0.043519 0.134457
0 0.188310 0.657689 0.044676 0.127056
0 0.235417 0.660156 0.041667 0.111431
0 0.284259 0.658100 0.041667 0.111431
0 0.334491 0.662212 0.041667 0.111431
0 0.380324 0.662623 0.041667 0.111431
0 0.433449 0.662418 0.041898 0.115132
0 0.483565 0.666530 0.042130 0.115132
0 0.535648 0.667969 0.045833 0.122122
0 0.596181 0.663240 0.043287 0.147204
0 0.650810 0.659951 0.043287 0.147204
0 0.707986 0.660362 0.043287 0.147204
0 0.761921 0.663240 0.043287 0.147204
0 0.752083 0.884252 0.041667 0.141036
0 0.697454 0.882196 0.041667 0.141036
0 0.646991 0.882607 0.041667 0.141036
0 0.585648 0.873150 0.041667 0.141036
0 0.539815 0.869449 0.041667 0.141036
0 0.490741 0.869860 0.041667 0.141036
0 0.437616 0.871916 0.040046 0.138569
0 0.387037 0.875822 0.041667 0.113487
0 0.336574 0.870888 0.041667 0.113487
0 0.290394 0.863898 0.041435 0.136513
0 0.244329 0.857730 0.044213 0.128289
0 0.198495 0.855880 0.043750 0.122944
0 0.151042 0.865337 0.043750 0.122944
0 0.105671 0.854235 0.043750 0.122944
