0 0.088426 0.288240 0.070833 0.189967
0 0.163194 0.291118 0.070833 0.189967
0 0.237269 0.294408 0.070833 0.189967
0 0.315046 0.296053 0.070833 0.189967
0 0.388194 0.298931 0.070833 0.189967
0 0.457870 0.298109 0.070833 0.189967
0 0.533565 0.303865 0.070833 0.189967
0 0.609028 0.309622 0.070833 0.189967
0 0.685880 0.308799 0.070833 0.189967
0 0.756597 0.292352 0.065509 0.226151
0 0.826968 0.289062 0.065509 0.226151
0 0.905440 0.293174 0.065509 0.226151
0 0.876736 0.675781 0.077083 0.194490
0 0.811227 0.670847 0.077083 0.194490
0 0.740509 0.668586 0.067130 0.192434
0 0.665394 0.679688 0.065972 0.157895
0 0.579051 0.631785 0.096528 0.258635
0 0.487384 0.618627 0.064583 0.252056
0 0.410995 0.617804 0.064583 0.252056
0 0.333681 0.618215 0.064583 0.252056
0 0.260185 0.636513 0.064352 0.205592
0 0.183449 0.621094 0.078009 0.261924
0 0.101273 0.617804 0.078009 0.261924
