0 0.057639 0.273026 0.077315 0.205592
0 0.140278 0.280016 0.077315 0.205592
0 0.221065 0.281044 0.075926 0.193668
0 0.297454 0.280222 0.075926 0.193668
0 0.376389 0.279400 0.075926 0.193668
0 0.451968 0.282278 0.076157 0.193668
0 0.531019 0.285567 0.075926 0.193668
0 0.610880 0.288446 0.075926 0.193668
0 0.694444 0.292969 0.075926 0.193668
0 0.771296 0.299548 0.075926 0.193668
0 0.853935 0.302426 0.075926 0.193668
0 0.927894 0.303865 0.068750 0.189967
0 0.919676 0.735814 0.065278 0.185444
0 0.836806 0.724712 0.065278 0.185444
0 0.765278 0.725123 0.065278 0.185444
0 0.688889 0.724301 0.065278 0.185444
0 0.613889 0.719984 0.069907 0.182566
0 0.533796 0.714227 0.069907 0.182566
0 0.457407 0.715872 0.069907 0.182566
0 0.378704 0.712582 0.069907 0.182566
0 0.303704 0.702714 0.069907 0.182566
0 0.228009 0.701891 0.069907 0.182566
0 0.148148 0.698602 0.069907 0.182566
0 0.072454 0.692434 0.069907 0.182566
