0 0.212655 0.227179 0.050619 0.118832
0 0.267125 0.219778 0.050619 0.118832
0 0.317331 0.221628 0.046492 0.111020
0 0.377029 0.215049 0.046492 0.111020
0 0.423246 0.210938 0.046492 0.111020
0 0.475516 0.210115 0.046492 0.111020
0 0.533012 0.208470 0.046492 0.111020
0 0.585282 0.210938 0.046492 0.111020
0 0.635076 0.213405 0.046492 0.111020
0 0.690371 0.213816 0.046492 0.111020
0 0.741265 0.218339 0.046492 0.111020
0 0.797524 0.226768 0.041265 0.113898
0 0.845942 0.230469 0.041265 0.113898
0 0.856809 0.473684 0.044292 0.111020
0 0.810041 0.475329 0.044292 0.111020
0 0.761073 0.471217 0.044292 0.111020
0 0.707153 0.474507 0.044292 0.111020
0 0.656809 0.474507 0.044292 0.111020
0 0.607840 0.474918 0.044292 0.111020
0 0.557497 0.475329 0.044292 0.111020
0 0.207565 0.471217 0.044292 0.111020
0 0.505777 0.473684 0.044292 0.111020
0 0.453232 0.471217 0.044292 0.111020
0 0.403989 0.473684 0.044292 0.111020
0 0.355021 0.472451 0.044292 0.111020
0 0.306602 0.470395 0.044292 0.111020
0 0.260660 0.471217 0.044292 0.111020
0 0.207428 0.669819 0.045117 0.129934
0 0.253645 0.671053 0.045117 0.129934
0 0.301926 0.682155 0.043191 0.115132
0 0.349519 0.681332 0.043191 0.115132
0 0.397387 0.681743 0.043191 0.115132
0 0.449656 0.678865 0.043191 0.115132
0 0.503301 0.678865 0.043191 0.115132
0 0.554195 0.678043 0.043191 0.115132
0 0.607840 0.669819 0.039890 0.138158
0 0.652682 0.670230 0.039890 0.138158
0 0.700275 0.672697 0.045392 0.133224
0 0.750894 0.673109 0.045392 0.133224
0 0.797111 0.680510 0.040440 0.111842
0 0.847180 0.666530 0.041541 0.120888
0 0.844704 0.866160 0.046492 0.126234
0 0.794223 0.872944 0.044567 0.116776
0 0.746492 0.878084 0.042641 0.108964
0 0.698349 0.879317 0.042641 0.108964
0 0.651032 0.878495 0.042641 0.108964
0 0.600688 0.877673 0.042641 0.108964
0 0.548693 0.873561 0.042641 0.108964
0 0.500550 0.877262 0.042641 0.108964
0 0.455433 0.877673 0.042641 0.108964
0 0.407290 0.875617 0.042641 0.108964
0 0.360798 0.876028 0.042641 0.108964
0 0.307015 0.867188 0.047868 0.124178
0 0.255296 0.860609 0.047868 0.124178
0 0.207153 0.866365 0.047868 0.124178
