0 0.157060 0.210526 0.052083 0.148026
0 0.224421 0.213405 0.052083 0.148026
0 0.296412 0.220395 0.052083 0.148026
0 0.365856 0.207442 0.055787 0.177220
0 0.425347 0.209087 0.055787 0.177220
0 0.632986 0.222039 0.055324 0.173520
0 0.692477 0.221217 0.055324 0.173520
0 0.769560 0.237253 0.055324 0.144737
0 0.836227 0.239309 0.055324 0.144737
0 0.896644 0.242188 0.055324 0.144737
0 0.879167 0.556949 0.053241 0.161595
0 0.825231 0.554893 0.053241 0.161595
0 0.762847 0.563117 0.048380 0.130345
0 0.712616 0.558594 0.048380 0.130345
0 0.654977 0.556538 0.048380 0.130345
0 0.599421 0.553248 0.048380 0.130345
0 0.544097 0.553660 0.048380 0.130345
0 0.487269 0.536184 0.048148 0.143914
0 0.417361 0.525082 0.048148 0.143914
0 0.362500 0.525699 0.053704 0.155016
0 0.298611 0.540502 0.055556 0.129523
0 0.237500 0.538446 0.055556 0.129523
0 0.174769 0.537623 0.055556 0.129523
0 0.175000 0.829153 0.061111 0.133635
0 0.241782 0.819285 0.049306 0.141036
0 0.301968 0.819696 0.049306 0.141036
0 0.357292 0.842722 0.046528 0.122122
0 0.423611 0.846012 0.056019 0.138569
0 0.482523 0.837377 0.050694 0.143503
0 0.539236 0.843133 0.050694 0.143503
0 0.591667 0.846628 0.045370 0.116776
0 0.641898 0.848273 0.045370 0.116776
0 0.697222 0.837582 0.046759 0.143092
0 0.747454 0.844572 0.046759 0.143092
0 0.801042 0.858141 0.052083 0.111842
0 0.859838 0.853207 0.052083 0.111842
