0 0.159722 0.348000 0.054167 0.188267
0 0.218519 0.336800 0.054167 0.188267
0 0.273611 0.335733 0.054167 0.188267
0 0.335417 0.328267 0.054167 0.188267
0 0.389352 0.318667 0.054167 0.188267
0 0.443750 0.322933 0.054167 0.188267
0 0.507639 0.318133 0.047222 0.191467
0 0.567130 0.321067 0.049537 0.193067
0 0.623843 0.320000 0.049537 0.193067
0 0.686343 0.325867 0.049537 0.193067
0 0.744444 0.326400 0.049537 0.193067
0 0.808218 0.336800 0.053472 0.186133
0 0.864931 0.345867 0.053472 0.186133
0 0.882523 0.774667 0.053472 0.186133
0 0.828356 0.776800 0.053472 0.186133
0 0.768634 0.775733 0.053472 0.186133
0 0.713310 0.776267 0.053472 0.186133
0 0.653356 0.775200 0.053472 0.186133
0 0.594329 0.776267 0.053472 0.186133
0 0.535301 0.778400 0.053472 0.186133
0 0.477662 0.772000 0.053472 0.186133
0 0.424421 0.774667 0.053472 0.186133
0 0.365741 0.777067 0.051389 0.176000
0 0.311111 0.774400 0.051389 0.176000
0 0.256250 0.768533 0.051389 0.176000
0 0.203009 0.767467 0.051389 0.176000
0 0.143981 0.763200 0.051389 0.176000
