0 0.143548 0.347451 0.080409 0.221217
0 0.242608 0.354441 0.082896 0.225329
0 0.341254 0.356908 0.082896 0.225329
0 0.441558 0.358553 0.082896 0.225329
0 0.532329 0.359581 0.071014 0.245477
0 0.61300 0.354646 0.071014 0.245477
0 0.697568 0.359169 0.071014 0.245477
0 0.777701 0.362870 0.071014 0.245477
0 0.852031 0.364104 0.071014 0.245477
0 0.841254 0.821957 0.088146 0.194901
0 0.742056 0.816612 0.088146 0.194901
0 0.654739 0.812500 0.088146 0.194901
0 0.544211 0.793174 0.071014 0.214638
0 0.441282 0.797286 0.084554 0.175987
0 0.352584 0.793997 0.084554 0.175987
0 0.254214 0.787829 0.084554 0.175987
0 0.161094 0.785773 0.084554 0.175987
