0 0.075810 0.270354 0.068750 0.202714
0 0.151273 0.274465 0.068750 0.202714
0 0.231829 0.280222 0.068750 0.202714
0 0.308681 0.272821 0.068750 0.202714
0 0.390162 0.274465 0.068750 0.202714
0 0.472454 0.272821 0.078241 0.203536
0 0.553009 0.271998 0.078241 0.203536
0 0.637269 0.271176 0.078241 0.203536
0 0.719213 0.276933 0.078241 0.203536
0 0.801157 0.277344 0.078241 0.203536
0 0.878241 0.272410 0.078241 0.203536
0 0.963773 0.274260 0.072454 0.198191
0 0.082755 0.697368 0.070602 0.187500
0 0.163310 0.699013 0.070602 0.187500
0 0.242940 0.700658 0.070602 0.187500
0 0.316319 0.696135 0.070602 0.187500
0 0.387616 0.700247 0.070602 0.187500
0 0.460764 0.704770 0.070602 0.187500
0 0.537847 0.702714 0.070602 0.187500
0 0.618403 0.709704 0.070602 0.187500
0 0.699653 0.706003 0.070602 0.187500
0 0.786921 0.684827 0.081713 0.224918
0 0.868634 0.692229 0.071065 0.219161
0 0.951273 0.690173 0.071065 0.219161
