0 0.094735 0.165913 0.095696 0.168997
0 0.199654 0.165913 0.105688 0.170641
0 0.312260 0.165090 0.105688 0.170641
0 0.419485 0.164268 0.105688 0.170641
0 0.515949 0.163446 0.084166 0.188734
0 0.603574 0.164679 0.084166 0.188734
0 0.692352 0.161801 0.084166 0.188734
0 0.776518 0.165502 0.084166 0.188734
0 0.857994 0.158923 0.084166 0.188734
0 0.856457 0.521382 0.097233 0.155428
0 0.746541 0.520559 0.097233 0.155428
0 0.652383 0.516447 0.097233 0.155428
0 0.539008 0.503289 0.075711 0.168586
0 0.426403 0.516859 0.088778 0.151316
0 0.324174 0.520148 0.088778 0.151316
0 0.222329 0.521793 0.088778 0.151316
0 0.120869 0.519737 0.088778 0.151316
0 0.134512 0.820724 0.096849 0.175164
0 0.231745 0.835115 0.085319 0.138158
0 0.330515 0.817640 0.097617 0.160773
0 0.431399 0.833676 0.093390 0.142681
0 0.532091 0.834087 0.093390 0.142681
0 0.628171 0.832031 0.093390 0.142681
0 0.723866 0.834498 0.093390 0.142681
0 0.824942 0.820312 0.087241 0.166941
