0 0.118171 0.139186 0.063657 0.169819
0 0.187153 0.140831 0.063657 0.169819
0 0.256829 0.146587 0.063657 0.169819
0 0.323727 0.140831 0.063657 0.169819
0 0.392708 0.142475 0.063657 0.169819
0 0.464468 0.144120 0.063657 0.169819
0 0.535069 0.145765 0.063657 0.169819
0 0.609144 0.149054 0.063657 0.169819
0 0.680903 0.146998 0.063657 0.169819
0 0.752894 0.154811 0.063657 0.169819
0 0.818866 0.156867 0.063657 0.169819
0 0.897338 0.154811 0.063657 0.169819
0 0.877778 0.519942 0.063426 0.182977
0 0.813773 0.517270 0.070602 0.192434
0 0.738773 0.513980 0.070602 0.192434
0 0.664005 0.531456 0.064583 0.164062
0 0.598264 0.531867 0.064583 0.164062
0 0.526968 0.528166 0.064583 0.164062
0 0.459375 0.532689 0.064583 0.164062
0 0.395255 0.526521 0.064583 0.164062
0 0.330208 0.519531 0.064583 0.164062
0 0.264699 0.521176 0.064583 0.164062
0 0.200579 0.516653 0.064583 0.164062
0 0.128588 0.517064 0.064583 0.164062
0 0.158681 0.842928 0.054861 0.150493
0 0.218866 0.844984 0.054861 0.150493
0 0.279282 0.851562 0.054861 0.150493
0 0.340856 0.850123 0.054861 0.141859
0 0.398264 0.858347 0.054861 0.141859
0 0.459838 0.857525 0.054861 0.141859
0 0.522338 0.857936 0.054861 0.141859
0 0.584838 0.854235 0.054861 0.141859
0 0.649421 0.863692 0.054861 0.141859
0 0.714931 0.857730 0.052083 0.166941
0 0.775347 0.863076 0.052083 0.166941
0 0.843634 0.862459 0.062269 0.164062
