0 0.149174 0.211760 0.086777 0.145559
0 0.250000 0.215461 0.086777 0.145559
0 0.356198 0.214638 0.086777 0.145559
0 0.459091 0.214638 0.086777 0.145559
0 0.561157 0.215049 0.086777 0.145559
0 0.664876 0.226357 0.090083 0.141036
0 0.773554 0.223067 0.090083 0.141036
0 0.888843 0.220189 0.090083 0.141036
0 0.890289 0.533512 0.081405 0.164885
0 0.805992 0.529400 0.081405 0.164885
0 0.724587 0.533100 0.081405 0.164885
0 0.643182 0.530222 0.081405 0.164885
0 0.555579 0.531456 0.081405 0.164885
0 0.461157 0.536390 0.097521 0.163240
0 0.357851 0.536390 0.097521 0.163240
0 0.247521 0.536801 0.097521 0.163240
0 0.148347 0.535156 0.090909 0.156661
0 0.167562 0.845395 0.090496 0.145559
0 0.262603 0.844572 0.090496 0.145559
0 0.357645 0.847451 0.090496 0.145559
0 0.458471 0.850740 0.090496 0.145559
0 0.567355 0.836554 0.085950 0.173931
0 0.682438 0.847656 0.094628 0.143503
0 0.779545 0.851357 0.094628 0.143503
0 0.882851 0.855058 0.094628 0.143503
