0 0.098264 0.329443 0.091898 0.269300
0 0.200347 0.331239 0.091898 0.269300
0 0.410648 0.333932 0.081944 0.268402
0 0.510648 0.338420 0.081944 0.268402
0 0.615046 0.337522 0.081944 0.268402
0 0.716667 0.341113 0.081944 0.268402
0 0.817245 0.344928 0.091898 0.269749
0 0.917940 0.345377 0.091898 0.269749
0 0.901157 0.804084 0.084722 0.250898
0 0.810417 0.804533 0.084722 0.250898
0 0.715741 0.803636 0.084722 0.250898
0 0.615509 0.802738 0.084722 0.250898
0 0.516088 0.778276 0.092361 0.302513
0 0.417940 0.774237 0.092361 0.302513
0 0.320949 0.807675 0.083102 0.241023
0 0.220023 0.798698 0.089583 0.261670
0 0.120255 0.796454 0.089583 0.261670
