0 0.102729 0.162829 0.096292 0.129934
0 0.204686 0.161184 0.096292 0.129934
0 0.313337 0.161184 0.096292 0.129934
0 0.423532 0.160362 0.096292 0.129934
0 0.518023 0.157278 0.083419 0.145148
0 0.614315 0.159745 0.083419 0.145148
0 0.703913 0.158923 0.083419 0.145148
0 0.788877 0.158100 0.083419 0.145148
0 0.874356 0.157278 0.083419 0.145148
0 0.855046 0.429276 0.099382 0.120066
0 0.751030 0.429688 0.099382 0.120066
0 0.649588 0.424342 0.099382 0.120066
0 0.538877 0.419613 0.077755 0.139391
0 0.428939 0.424342 0.088568 0.112664
0 0.329557 0.428043 0.088568 0.112664
0 0.228115 0.422697 0.088568 0.112664
0 0.133883 0.424342 0.088568 0.112664
0 0.141864 0.637541 0.087024 0.125411
0 0.236869 0.650905 0.083419 0.103618
0 0.337796 0.640419 0.092688 0.108964
0 0.435118 0.651521 0.092688 0.108964
0 0.530381 0.653988 0.089598 0.100740
0 0.625644 0.657278 0.089598 0.100740
0 0.721936 0.658923 0.089598 0.100740
0 0.823893 0.650699 0.089598 0.114720
0 0.800721 0.843544 0.089598 0.114720
0 0.712152 0.838199 0.089598 0.114720
0 0.422245 0.840461 0.069001 0.119243
0 0.332647 0.839021 0.086509 0.118010
0 0.240989 0.832854 0.086509 0.118010
0 0.156540 0.836554 0.086509 0.118010
