0 0.162616 0.125206 0.045602 0.131168
0 0.215162 0.123150 0.045602 0.131168
0 0.267477 0.127262 0.045602 0.131168
0 0.320486 0.128906 0.045602 0.131168
0 0.371181 0.129729 0.045602 0.131168
0 0.425116 0.130140 0.045602 0.131168
0 0.473727 0.129317 0.045602 0.131168
0 0.528356 0.136308 0.045602 0.131168
0 0.576273 0.139186 0.045602 0.131168
0 0.626505 0.142475 0.045602 0.131168
0 0.677431 0.142887 0.045602 0.131168
0 0.729745 0.143709 0.045602 0.131168
0 0.719329 0.408717 0.044676 0.147204
0 0.671875 0.406661 0.044676 0.147204
0 0.621412 0.402138 0.044676 0.147204
0 0.568171 0.407895 0.046065 0.115954
0 0.519792 0.407072 0.046065 0.115954
0 0.466551 0.409128 0.046065 0.115954
0 0.421181 0.405428 0.046065 0.115954
0 0.370949 0.407484 0.046065 0.115954
0 0.324884 0.403783 0.046065 0.115954
0 0.273032 0.404605 0.046065 0.115954
0 0.224190 0.402138 0.046065 0.115954
0 0.170949 0.404194 0.046065 0.115954
0 0.195949 0.652138 0.042361 0.106086
0 0.241088 0.648849 0.042361 0.106086
0 0.285532 0.655839 0.042361 0.106086
0 0.334144 0.655016 0.042361 0.106086
0 0.379977 0.651316 0.042361 0.106086
0 0.422338 0.654605 0.042361 0.106086
0 0.469560 0.656250 0.042361 0.106086
0 0.514699 0.655428 0.042361 0.106086
0 0.557523 0.658306 0.042361 0.106086
0 0.605903 0.650082 0.041435 0.121711
0 0.652431 0.645559 0.041435 0.121711
0 0.696875 0.653372 0.041435 0.121711
0 0.684144 0.871299 0.041435 0.121711
0 0.640162 0.872533 0.041435 0.109375
0 0.596412 0.872944 0.041435 0.109375
0 0.555787 0.881785 0.040741 0.094984
0 0.509722 0.888775 0.040741 0.094984
0 0.465278 0.874794 0.040741 0.094984
0 0.420602 0.878084 0.040741 0.094984
0 0.378241 0.877262 0.040741 0.094984
0 0.334259 0.872327 0.040741 0.094984
0 0.291204 0.875617 0.040741 0.094984
0 0.248148 0.876028 0.040741 0.094984
0 0.201389 0.876439 0.040741 0.094984
