0 0.086227 0.370029 0.052083 0.221326
0 0.144329 0.377522 0.052083 0.221326
0 0.205208 0.376369 0.052083 0.221326
0 0.264236 0.380980 0.052083 0.221326
0 0.318634 0.385014 0.052083 0.221326
0 0.379051 0.380403 0.052083 0.221326
0 0.437847 0.374063 0.052083 0.221326
0 0.495949 0.383285 0.052083 0.221326
0 0.556366 0.375216 0.052083 0.221326
0 0.619560 0.382709 0.052083 0.221326
0 0.678356 0.385591 0.052083 0.221326
0 0.737153 0.386167 0.052083 0.221326
0 0.798264 0.383285 0.052083 0.221326
0 0.857755 0.389049 0.052083 0.221326
0 0.840741 0.785303 0.047685 0.263401
0 0.779977 0.796830 0.047917 0.213833
0 0.725116 0.774928 0.052546 0.243804
0 0.668866 0.773775 0.052546 0.243804
0 0.614931 0.764553 0.049306 0.249568
0 0.565394 0.763401 0.049306 0.249568
0 0.496412 0.780115 0.056250 0.202305
0 0.440162 0.784150 0.056250 0.202305
0 0.375347 0.776081 0.056250 0.202305
0 0.318403 0.781844 0.056250 0.202305
0 0.264468 0.782421 0.056250 0.202305
0 0.205440 0.779539 0.056250 0.202305
0 0.149421 0.761383 0.049769 0.250144
0 0.093171 0.760231 0.049769 0.250144
