0 0.109068 0.190173 0.092672 0.210938
0 0.213430 0.191817 0.092672 0.210938
0 0.427146 0.204975 0.091246 0.199424
0 0.526661 0.207442 0.091246 0.199424
0 0.627032 0.209910 0.091246 0.199424
0 0.727687 0.213199 0.088395 0.198602
0 0.822783 0.219984 0.081266 0.189145
0 0.915455 0.225740 0.081266 0.189145
0 0.904192 0.557155 0.082692 0.180099
0 0.814371 0.554276 0.082692 0.180099
0 0.724266 0.550987 0.082692 0.180099
0 0.626747 0.549342 0.082692 0.180099
0 0.531794 0.533717 0.092957 0.224507
0 0.435700 0.528372 0.092957 0.224507
0 0.334759 0.553454 0.094098 0.182566
0 0.233533 0.548520 0.087254 0.192434
0 0.129741 0.546464 0.087254 0.192434
0 0.147847 0.877056 0.084117 0.175987
0 0.241945 0.847039 0.086969 0.193257
0 0.344597 0.885074 0.082407 0.156661
0 0.435130 0.856086 0.084403 0.199836
0 0.528229 0.876645 0.078985 0.163651
0 0.624180 0.882812 0.071856 0.152961
0 0.711007 0.868421 0.076704 0.172697
0 0.802253 0.863076 0.076704 0.172697
0 0.891503 0.880345 0.077274 0.142270
