0 0.204570 0.330798 0.075094 0.216694
0 0.298103 0.330798 0.075094 0.216694
0 0.388429 0.332442 0.075094 0.216694
0 0.476884 0.328331 0.075094 0.216694
0 0.572288 0.328331 0.075094 0.216694
0 0.668359 0.338199 0.081774 0.195312
0 0.765366 0.334087 0.081774 0.195312
0 0.870123 0.332031 0.081774 0.195312
0 0.879877 0.780633 0.070818 0.243010
0 0.800775 0.774465 0.070818 0.243010
0 0.723544 0.769942 0.070818 0.243010
0 0.647381 0.768298 0.070818 0.243010
0 0.568813 0.771998 0.070818 0.243010
0 0.484768 0.776521 0.091395 0.236431
0 0.390967 0.774877 0.091395 0.236431
0 0.294495 0.775288 0.091395 0.236431
0 0.197087 0.774465 0.078300 0.229852
