0 0.075806 0.081003 0.064479 0.132401
0 0.145222 0.083470 0.064479 0.132401
0 0.211153 0.088816 0.059251 0.131579
0 0.275632 0.083470 0.059251 0.131579
0 0.338658 0.085938 0.059251 0.131579
0 0.404008 0.087582 0.059251 0.131579
0 0.468777 0.085526 0.059251 0.131579
0 0.537903 0.089227 0.059251 0.131579
0 0.603253 0.088405 0.059251 0.131579
0 0.669474 0.091694 0.059251 0.131579
0 0.738600 0.090872 0.059251 0.131579
0 0.803369 0.091283 0.059251 0.131579
0 0.791606 0.377878 0.053151 0.121711
0 0.724223 0.377056 0.053151 0.121711
0 0.665553 0.377467 0.053151 0.121711
0 0.600784 0.377467 0.053151 0.121711
0 0.538920 0.375822 0.053151 0.121711
0 0.475748 0.374589 0.058670 0.120066
0 0.411560 0.373766 0.058670 0.120066
0 0.349114 0.372944 0.058670 0.120066
0 0.286378 0.372122 0.058670 0.120066
0 0.225385 0.371299 0.058670 0.120066
0 0.161197 0.370477 0.058670 0.120066
0 0.097880 0.367599 0.058670 0.120066
0 0.103689 0.624589 0.054023 0.104441
0 0.164392 0.628495 0.056927 0.112253
0 0.225094 0.630962 0.056927 0.112253
0 0.286669 0.633429 0.056927 0.112253
0 0.344757 0.635896 0.056927 0.112253
0 0.405460 0.638363 0.056927 0.112253
0 0.463840 0.636719 0.056927 0.112253
0 0.526866 0.640008 0.056927 0.112253
0 0.594540 0.640419 0.056927 0.112253
0 0.657566 0.631990 0.055184 0.129934
0 0.720302 0.634457 0.055184 0.129934
0 0.783328 0.630345 0.055184 0.129934
0 0.762997 0.870888 0.057508 0.111842
0 0.703456 0.868832 0.057508 0.111842
0 0.644787 0.870066 0.057508 0.111842
0 0.582486 0.871094 0.053732 0.092516
0 0.526140 0.870271 0.053732 0.092516
0 0.468922 0.870683 0.053732 0.092516
0 0.411995 0.876439 0.053732 0.092516
0 0.354197 0.876850 0.053732 0.092516
0 0.300174 0.873972 0.053732 0.092516
0 0.239762 0.869860 0.053732 0.092516
0 0.180511 0.863281 0.053732 0.092516
0 0.127360 0.863692 0.053732 0.092516
