0 0.120255 0.253494 0.053472 0.158831
0 0.179745 0.260271 0.053472 0.158831
0 0.235185 0.258153 0.049537 0.156290
0 0.289815 0.264083 0.049537 0.156290
0 0.344213 0.260271 0.049537 0.156290
0 0.403935 0.259424 0.049537 0.156290
0 0.458333 0.264083 0.049537 0.156290
0 0.633102 0.260695 0.049537 0.156290
0 0.518287 0.259848 0.049537 0.156290
0 0.457870 0.263236 0.049537 0.156290
0 0.691898 0.261118 0.049537 0.156290
0 0.748611 0.265777 0.049537 0.156290
0 0.802315 0.262389 0.049537 0.156290
0 0.860417 0.264083 0.049537 0.156290
0 0.842824 0.542778 0.044907 0.174926
0 0.784722 0.549343 0.045833 0.144854
0 0.731597 0.540025 0.052083 0.175349
0 0.675347 0.537908 0.052083 0.175349
0 0.623380 0.535790 0.049074 0.181279
0 0.574537 0.528166 0.049074 0.181279
0 0.510995 0.548073 0.051620 0.150784
0 0.457060 0.548496 0.051620 0.150784
0 0.392940 0.541296 0.051620 0.150784
0 0.339005 0.542990 0.051620 0.150784
0 0.289236 0.543414 0.051620 0.150784
0 0.233218 0.537484 0.051620 0.150784
0 0.180787 0.524566 0.050000 0.168996
0 0.128935 0.523719 0.050000 0.168996
0 0.132755 0.789496 0.051620 0.160102
0 0.187153 0.786108 0.051620 0.160102
0 0.238773 0.790767 0.051620 0.160102
0 0.294792 0.803050 0.050231 0.136383
0 0.345486 0.806014 0.050231 0.136383
0 0.402199 0.802626 0.050231 0.136383
0 0.452431 0.812368 0.050231 0.136383
0 0.505440 0.811521 0.050231 0.136383
0 0.560069 0.811944 0.050231 0.136383
0 0.616088 0.812368 0.050231 0.136383
0 0.669792 0.819568 0.050231 0.136383
0 0.718403 0.819992 0.050231 0.136383
0 0.777315 0.809191 0.051389 0.166455
0 0.831250 0.817662 0.051389 0.166455
