0 0.086387 0.359171 0.075625 0.180011
0 0.164921 0.362294 0.063991 0.188529
0 0.237638 0.361158 0.063991 0.188529
0 0.321408 0.366837 0.063991 0.188529
0 0.395870 0.364566 0.063991 0.188529
0 0.470913 0.369108 0.063991 0.188529
0 0.571262 0.367973 0.063991 0.188529
0 0.641943 0.378478 0.063991 0.181147
0 0.714951 0.372800 0.063991 0.181147
0 0.795812 0.379046 0.063991 0.181147
0 0.874927 0.381034 0.063409 0.179443
0 0.944735 0.387280 0.063409 0.179443
0 0.921757 0.804656 0.063409 0.179443
0 0.850494 0.800681 0.063409 0.179443
0 0.784468 0.801249 0.063409 0.179443
0 0.713496 0.802953 0.063409 0.179443
0 0.647469 0.802953 0.063409 0.179443
0 0.576207 0.803521 0.063409 0.179443
0 0.453461 0.799546 0.063409 0.179443
0 0.383072 0.796706 0.063409 0.179443
0 0.309773 0.797274 0.063409 0.179443
0 0.240838 0.797274 0.063409 0.179443
0 0.169575 0.792164 0.063409 0.179443
0 0.094241 0.792164 0.063409 0.179443
