0 0.073611 0.306065 0.061574 0.177715
0 0.145602 0.302304 0.061574 0.177715
0 0.223148 0.308416 0.061574 0.177715
0 0.325463 0.313352 0.060185 0.186648
0 0.398148 0.317113 0.060185 0.186648
0 0.472222 0.318994 0.060185 0.186648
0 0.564352 0.320874 0.060185 0.186648
0 0.632639 0.320404 0.061574 0.174424
0 0.710880 0.324165 0.061574 0.174424
0 0.803935 0.318524 0.061574 0.174424
0 0.873611 0.323695 0.061574 0.174424
0 0.938889 0.319934 0.061574 0.174424
0 0.919792 0.768453 0.061343 0.193230
0 0.852199 0.768923 0.061343 0.193230
0 0.784375 0.769394 0.061343 0.193230
0 0.715856 0.770334 0.061343 0.193230
0 0.646644 0.769394 0.061343 0.193230
0 0.578356 0.774095 0.061343 0.193230
0 0.448958 0.768923 0.061343 0.193230
0 0.374884 0.767983 0.061343 0.193230
0 0.303125 0.769158 0.067824 0.197461
0 0.227431 0.772449 0.067824 0.197461
0 0.156829 0.771509 0.067824 0.197461
0 0.067940 0.773390 0.067824 0.197461
