0 0.111227 0.118010 0.034028 0.096217
0 0.154051 0.112253 0.034028 0.096217
0 0.196412 0.106086 0.034028 0.096217
0 0.236458 0.109375 0.034028 0.096217
0 0.281366 0.105469 0.034491 0.100740
0 0.322685 0.104441 0.033333 0.102796
0 0.368403 0.101562 0.035880 0.106086
0 0.413542 0.100740 0.035880 0.106086
0 0.459375 0.101151 0.035880 0.106086
0 0.502894 0.096628 0.035880 0.106086
0 0.545255 0.092928 0.035880 0.106086
0 0.598495 0.088199 0.040509 0.110609
0 0.647106 0.089844 0.040509 0.110609
0 0.695949 0.090255 0.040509 0.110609
0 0.699653 0.294202 0.036343 0.140214
0 0.647801 0.299548 0.036343 0.140214
0 0.603704 0.297697 0.031019 0.138158
0 0.552546 0.303454 0.031019 0.138158
0 0.507176 0.305099 0.031019 0.138158
0 0.460417 0.306743 0.031019 0.138158
0 0.412269 0.307155 0.031019 0.138158
0 0.374769 0.305099 0.031019 0.138158
0 0.329977 0.311061 0.041898 0.119655
0 0.285532 0.306538 0.041898 0.119655
0 0.202431 0.310650 0.041898 0.119655
0 0.242477 0.309827 0.041898 0.119655
0 0.160069 0.321340 0.041898 0.119655
0 0.119792 0.321752 0.041898 0.119655
0 0.122338 0.511719 0.037731 0.118832
0 0.163773 0.517064 0.037731 0.118832
0 0.203819 0.515008 0.037731 0.118832
0 0.248264 0.514186 0.037731 0.118832
0 0.288310 0.514597 0.037731 0.118832
0 0.334144 0.511308 0.037731 0.118832
0 0.374884 0.512336 0.039120 0.125000
0 0.420023 0.516242 0.037731 0.118832
0 0.463773 0.512952 0.037731 0.118832
0 0.514005 0.513363 0.037731 0.118832
0 0.553356 0.511924 0.034954 0.133224
0 0.596181 0.509868 0.034954 0.133224
0 0.648495 0.509046 0.034954 0.133224
0 0.692940 0.502878 0.034954 0.133224
0 0.691782 0.706414 0.034954 0.133224
0 0.642940 0.705592 0.034954 0.133224
0 0.600347 0.710115 0.034954 0.133224
0 0.556597 0.707648 0.034954 0.133224
0 0.514931 0.706826 0.034954 0.133224
0 0.473264 0.708882 0.034954 0.133224
0 0.434375 0.703947 0.034954 0.133224
0 0.390394 0.703125 0.034954 0.133224
0 0.334144 0.701275 0.033565 0.127056
0 0.291782 0.701686 0.033565 0.127056
0 0.251852 0.704975 0.036111 0.118832
0 0.211574 0.704153 0.036111 0.118832
0 0.166898 0.703331 0.036111 0.118832
0 0.129630 0.701275 0.036111 0.118832
0 0.129861 0.887952 0.036111 0.118832
0 0.169329 0.898849 0.036343 0.095395
0 0.211690 0.890214 0.036343 0.095395
0 0.252431 0.888158 0.036343 0.095395
0 0.291782 0.896382 0.036343 0.095395
0 0.331134 0.898026 0.036343 0.095395
0 0.371875 0.897204 0.036343 0.095395
0 0.419097 0.897615 0.036343 0.095395
0 0.459144 0.902138 0.036343 0.095395
0 0.501505 0.897204 0.036343 0.095395
0 0.551852 0.894942 0.032870 0.118010
0 0.595602 0.895148 0.040278 0.125000
0 0.645833 0.910773 0.040278 0.125000
0 0.692361 0.905016 0.040278 0.125000
