0 0.089465 0.111511 0.096904 0.159173
0 0.191194 0.116457 0.088058 0.151079
0 0.392642 0.115108 0.090470 0.187050
0 0.295738 0.121403 0.088058 0.151079
0 0.485927 0.122752 0.090470 0.187050
0 0.584037 0.142536 0.068758 0.141187
0 0.671894 0.144335 0.071572 0.146583
0 0.759751 0.154901 0.076799 0.142536
0 0.845798 0.160297 0.071974 0.142536
0 0.111982 0.362860 0.087254 0.128597
0 0.203860 0.362410 0.089264 0.164568
0 0.303579 0.385342 0.084439 0.133993
0 0.394049 0.361286 0.086047 0.155126
0 0.480097 0.382194 0.073181 0.133094
0 0.573784 0.392536 0.073181 0.133094
0 0.656212 0.392536 0.073181 0.133094
0 0.744672 0.391637 0.073181 0.133094
0 0.829916 0.399730 0.073181 0.128597
0 0.105750 0.606790 0.084439 0.140737
0 0.198231 0.608588 0.085243 0.137140
0 0.299558 0.616232 0.085243 0.137140
0 0.388822 0.605890 0.082831 0.153327
0 0.474065 0.606340 0.082831 0.153327
0 0.562525 0.619155 0.078810 0.123201
0 0.647165 0.611286 0.067953 0.144335
0 0.813832 0.627248 0.073985 0.123201
0 0.137515 0.897482 0.073985 0.123201
0 0.731001 0.621403 0.073985 0.123201
0 0.227181 0.899730 0.073985 0.123201
0 0.308404 0.906924 0.073985 0.123201
0 0.390631 0.905351 0.075191 0.112860
0 0.473060 0.908049 0.075191 0.112860
0 0.557901 0.899505 0.075191 0.112860
0 0.645155 0.898606 0.075191 0.112860
0 0.716727 0.905126 0.060716 0.114209
0 0.796341 0.895234 0.060716 0.114209
