0 0.108754 0.120066 0.055317 0.142270
0 0.168367 0.122533 0.055317 0.142270
0 0.226772 0.125411 0.055585 0.134046
0 0.288534 0.123766 0.055585 0.134046
0 0.343851 0.127467 0.055585 0.134046
0 0.401316 0.127467 0.055585 0.134046
0 0.460929 0.129112 0.055585 0.134046
0 0.580424 0.129112 0.055585 0.134046
0 0.522422 0.129523 0.055585 0.134046
0 0.643528 0.132812 0.055585 0.134046
0 0.696160 0.132812 0.055585 0.134046
0 0.759533 0.127878 0.055585 0.134046
0 0.816998 0.130345 0.055585 0.134046
0 0.870166 0.129523 0.055585 0.134046
0 0.854860 0.371094 0.044844 0.147615
0 0.796858 0.382196 0.048067 0.126234
0 0.743555 0.370477 0.054243 0.148849
0 0.689850 0.368832 0.054243 0.148849
0 0.638024 0.368010 0.048335 0.146382
0 0.585392 0.363898 0.048335 0.146382
0 0.519200 0.378701 0.051826 0.128289
0 0.462003 0.380345 0.051826 0.128289
0 0.399973 0.376234 0.051826 0.128289
0 0.339823 0.377467 0.051826 0.128289
0 0.287728 0.377878 0.051826 0.128289
0 0.231337 0.377878 0.051826 0.128289
0 0.174006 0.362870 0.052095 0.155016
0 0.119764 0.363281 0.052095 0.155016
0 0.125671 0.596423 0.060687 0.141036
0 0.181525 0.598067 0.053169 0.141859
0 0.238453 0.598479 0.053169 0.141859
0 0.297530 0.611637 0.052095 0.127056
0 0.351504 0.608758 0.052095 0.127056
0 0.408163 0.616571 0.052095 0.127056
0 0.461332 0.614515 0.052095 0.127056
0 0.514501 0.612870 0.052095 0.127056
0 0.572771 0.615337 0.052095 0.127056
0 0.628088 0.614515 0.052095 0.127056
0 0.681257 0.618215 0.052095 0.127056
0 0.736037 0.617393 0.052095 0.127056
0 0.793099 0.605058 0.053974 0.141859
0 0.852981 0.605058 0.053974 0.141859
0 0.832035 0.852796 0.049678 0.111842
0 0.783700 0.856086 0.049678 0.111842
0 0.730263 0.849918 0.049678 0.111842
0 0.678706 0.849095 0.049678 0.111842
0 0.622315 0.854852 0.049678 0.111842
0 0.569952 0.849301 0.045918 0.106497
0 0.512084 0.838816 0.048335 0.120888
0 0.462272 0.841694 0.046455 0.139803
0 0.403733 0.842928 0.046455 0.139803
0 0.354592 0.850740 0.049141 0.111842
0 0.299544 0.853207 0.049141 0.111842
0 0.244495 0.849095 0.049141 0.111842
0 0.188910 0.852385 0.049141 0.111842
0 0.134936 0.841900 0.051289 0.134457
