0 0.174016 0.284857 0.050919 0.145891
0 0.230971 0.275162 0.050919 0.145891
0 0.280184 0.275392 0.046982 0.135272
0 0.343176 0.270314 0.046982 0.135272
0 0.395013 0.268698 0.046719 0.148661
0 0.446982 0.260157 0.048819 0.134349
0 0.507612 0.260619 0.048819 0.134349
0 0.561155 0.259695 0.048819 0.134349
0 0.613911 0.265235 0.048819 0.134349
0 0.672441 0.265697 0.048819 0.134349
0 0.724409 0.269852 0.048819 0.134349
0 0.781890 0.277932 0.048294 0.126500
0 0.833858 0.284857 0.048294 0.126500
0 0.796850 0.577101 0.048294 0.126500
0 0.833333 0.283934 0.048294 0.126500
0 0.744619 0.580332 0.048294 0.126500
0 0.695276 0.581717 0.048294 0.126500
0 0.638583 0.584949 0.048294 0.126500
0 0.586352 0.582641 0.048294 0.126500
0 0.531759 0.585411 0.048294 0.126500
0 0.477953 0.585873 0.048294 0.126500
0 0.424409 0.582179 0.048294 0.126500
0 0.372703 0.589104 0.048294 0.126500
0 0.320472 0.585873 0.048294 0.126500
0 0.270341 0.585873 0.048294 0.126500
0 0.218110 0.582641 0.048294 0.126500
0 0.163517 0.581717 0.048294 0.126500
0 0.162336 0.823638 0.049606 0.151431
0 0.212730 0.825023 0.049606 0.151431
0 0.262861 0.837719 0.046457 0.122345
0 0.315617 0.836796 0.046457 0.122345
0 0.365486 0.837258 0.046457 0.122345
0 0.417585 0.840951 0.046719 0.137119
0 0.476115 0.842798 0.046719 0.137119
0 0.528871 0.837719 0.046719 0.137119
0 0.586220 0.824561 0.054856 0.167128
0 0.636745 0.825716 0.045669 0.183287
0 0.684908 0.834026 0.045407 0.159280
0 0.732415 0.827562 0.045407 0.159280
0 0.784646 0.847184 0.045932 0.144044
0 0.841995 0.827562 0.047769 0.163897
