0 0.156250 0.222451 0.054167 0.148026
0 0.217361 0.226562 0.054167 0.148026
0 0.275463 0.220806 0.054167 0.148026
0 0.331481 0.222451 0.054167 0.148026
0 0.387500 0.220395 0.054167 0.148026
0 0.446296 0.219572 0.054167 0.148026
0 0.506481 0.217516 0.054167 0.148026
0 0.564815 0.215461 0.054167 0.148026
0 0.625694 0.219572 0.054167 0.148026
0 0.683796 0.218750 0.054167 0.148026
0 0.746296 0.217928 0.054167 0.148026
0 0.805093 0.219572 0.054167 0.148026
0 0.799190 0.548520 0.051157 0.147204
0 0.740162 0.547697 0.051157 0.147204
0 0.680208 0.542763 0.051157 0.147204
0 0.626273 0.541941 0.051157 0.147204
0 0.567245 0.538651 0.051157 0.147204
0 0.509606 0.540296 0.051157 0.147204
0 0.453356 0.540707 0.051157 0.147204
0 0.395602 0.539062 0.053241 0.141447
0 0.340278 0.538240 0.053241 0.141447
0 0.284722 0.532072 0.053241 0.141447
0 0.228704 0.533717 0.053241 0.141447
0 0.169676 0.534128 0.053241 0.141447
0 0.173380 0.822780 0.053241 0.141447
0 0.230093 0.826891 0.053241 0.141447
0 0.286806 0.828536 0.053241 0.141447
0 0.336806 0.831209 0.050000 0.137747
0 0.389815 0.834087 0.050000 0.137747
0 0.444444 0.839844 0.050000 0.137747
0 0.498843 0.837788 0.050000 0.137747
0 0.558565 0.839433 0.050000 0.137747
0 0.617361 0.839844 0.050000 0.137747
0 0.679167 0.823808 0.050000 0.137747
0 0.737384 0.831414 0.048843 0.157895
0 0.796875 0.830592 0.048843 0.157895
