0 0.099311 0.140214 0.094612 0.057566
0 0.095551 0.212582 0.094612 0.057566
0 0.095551 0.284128 0.094612 0.057566
0 0.097431 0.353207 0.094612 0.057566
0 0.095238 0.432566 0.094612 0.057566
0 0.097118 0.511924 0.094612 0.057566
0 0.089129 0.591900 0.099937 0.079359
0 0.070645 0.691406 0.069236 0.068668
0 0.072525 0.762952 0.069236 0.068668
0 0.069392 0.837788 0.069236 0.068668
0 0.072212 0.912623 0.069236 0.068668
0 0.232299 0.910567 0.069236 0.068668
0 0.231046 0.839844 0.069236 0.068668
0 0.231046 0.765831 0.069236 0.068668
0 0.221335 0.695929 0.069236 0.068668
0 0.220708 0.623150 0.069236 0.068668
0 0.223528 0.548725 0.069236 0.068668
0 0.226974 0.480058 0.069236 0.068668
0 0.227287 0.414885 0.064223 0.064145
0 0.230733 0.340872 0.064223 0.064145
0 0.227600 0.274260 0.064223 0.064145
0 0.230420 0.140214 0.064223 0.064145
0 0.228853 0.208059 0.064223 0.064145
0 0.386748 0.132812 0.064223 0.064145
0 0.386122 0.202303 0.064223 0.064145
0 0.383615 0.273438 0.064223 0.064145
0 0.386435 0.339227 0.064223 0.064145
0 0.380796 0.406250 0.064223 0.064145
0 0.385182 0.479030 0.064223 0.064145
0 0.387061 0.542352 0.064223 0.064145
0 0.384868 0.617188 0.064223 0.064145
0 0.387688 0.696546 0.064223 0.064145
0 0.393954 0.766036 0.074875 0.060033
0 0.394267 0.837582 0.074875 0.060033
0 0.396147 0.915707 0.074875 0.060033
0 0.566103 0.923520 0.082707 0.069079
0 0.562343 0.852385 0.082707 0.069079
0 0.562343 0.773849 0.082707 0.069079
0 0.549499 0.686061 0.075188 0.068668
0 0.544799 0.615337 0.075188 0.068668
0 0.546679 0.534334 0.075188 0.068668
0 0.543546 0.466077 0.075188 0.068668
0 0.546053 0.396176 0.075188 0.068668
0 0.543860 0.322985 0.075188 0.068668
0 0.543233 0.254317 0.075188 0.068668
0 0.545113 0.186061 0.075188 0.068668
0 0.541040 0.112870 0.075188 0.068668
0 0.709586 0.103207 0.071429 0.059211
0 0.719298 0.174753 0.071429 0.059211
0 0.718672 0.245066 0.071429 0.059211
0 0.718985 0.312911 0.071429 0.059211
0 0.719925 0.389803 0.071429 0.059211
0 0.720238 0.459293 0.071429 0.059211
0 0.724624 0.534951 0.071429 0.059211
0 0.725564 0.616365 0.071429 0.059211
0 0.729480 0.689762 0.069862 0.065378
0 0.732299 0.763363 0.069862 0.065378
0 0.734806 0.834910 0.069862 0.065378
0 0.738565 0.919613 0.069862 0.065378
0 0.916823 0.914474 0.085526 0.069901
0 0.912124 0.832648 0.085526 0.069901
0 0.909618 0.754112 0.085526 0.069901
0 0.909931 0.678865 0.085526 0.069901
0 0.905858 0.600329 0.085526 0.069901
0 0.902726 0.522615 0.085526 0.069901
0 0.899593 0.446546 0.085526 0.069901
0 0.897086 0.376645 0.085526 0.069901
0 0.891447 0.299342 0.085526 0.069901
0 0.885808 0.228207 0.085526 0.069901
0 0.885182 0.156250 0.085526 0.069901
0 0.886122 0.084293 0.085526 0.069901
