0 0.137550 0.293997 0.084624 0.221217
0 0.241824 0.294202 0.091222 0.220806
0 0.342800 0.297903 0.091222 0.220806
0 0.443775 0.299137 0.091222 0.220806
0 0.540591 0.296875 0.073723 0.233553
0 0.620625 0.296053 0.073723 0.233553
0 0.704676 0.304276 0.073723 0.233553
0 0.782415 0.304276 0.073723 0.233553
0 0.863310 0.307977 0.073723 0.233553
0 0.857860 0.754934 0.092083 0.194079
0 0.757458 0.754112 0.092083 0.194079
0 0.666236 0.751234 0.092083 0.194079
0 0.556225 0.732936 0.070568 0.224918
0 0.445066 0.743627 0.081756 0.186266
0 0.350688 0.742804 0.081756 0.186266
0 0.253155 0.738692 0.081756 0.186266
0 0.153901 0.737870 0.081756 0.186266
