0 0.089935 0.218967 0.106391 0.213976
0 0.194795 0.239800 0.093379 0.174913
0 0.305396 0.218533 0.101799 0.212240
0 0.415040 0.240234 0.096824 0.182726
0 0.522197 0.242405 0.096824 0.182726
0 0.623995 0.241536 0.096824 0.182726
0 0.743781 0.249349 0.096824 0.182726
0 0.858018 0.230252 0.104860 0.213108
0 0.818408 0.554470 0.088404 0.185330
0 0.723881 0.549262 0.088404 0.185330
0 0.520475 0.549696 0.069652 0.174045
0 0.407960 0.545790 0.069652 0.174045
0 0.311137 0.544705 0.097972 0.193576
0 0.216609 0.544705 0.097972 0.193576
0 0.113280 0.539497 0.097972 0.193576
0 0.130693 0.831597 0.087639 0.169271
0 0.317834 0.846137 0.092231 0.154948
0 0.411979 0.852648 0.092231 0.154948
0 0.516648 0.838325 0.084960 0.177517
0 0.609070 0.852214 0.083812 0.148003
0 0.735553 0.842231 0.089552 0.167101
0 0.845006 0.856988 0.090318 0.144531
