0 0.113773 0.353824 0.096991 0.249589
0 0.215972 0.328125 0.096759 0.292763
0 0.325694 0.363076 0.091204 0.245888
0 0.425463 0.332237 0.092593 0.287829
0 0.529167 0.360403 0.086574 0.226562
0 0.633796 0.366982 0.081019 0.228207
0 0.730787 0.363487 0.085185 0.232730
0 0.840856 0.368421 0.088194 0.240132
0 0.940856 0.373355 0.092824 0.231086
0 0.120486 0.750411 0.089583 0.232730
0 0.221065 0.764803 0.081944 0.204770
0 0.318981 0.770148 0.081944 0.204770
0 0.420718 0.757812 0.083565 0.258224
0 0.516551 0.760691 0.083565 0.258224
0 0.615972 0.782689 0.083796 0.215049
0 0.712500 0.766859 0.089352 0.254112
0 0.804977 0.775699 0.087269 0.193668
0 0.900926 0.804071 0.071759 0.205181
