0 0.121937 0.190789 0.098011 0.208059
0 0.231191 0.193257 0.098011 0.208059
0 0.341165 0.203742 0.093110 0.199424
0 0.440761 0.185238 0.092822 0.247944
0 0.544537 0.188939 0.092822 0.247944
0 0.649034 0.211554 0.085039 0.204359
0 0.745892 0.216488 0.085039 0.204359
0 0.842750 0.220189 0.085039 0.204359
0 0.937878 0.228002 0.085039 0.204359
0 0.917555 0.557771 0.092246 0.151727
0 0.821851 0.541118 0.081291 0.175987
0 0.730182 0.542352 0.081291 0.175987
0 0.640242 0.554276 0.077256 0.154605
0 0.540646 0.539268 0.078697 0.162418
0 0.448112 0.513775 0.087922 0.199424
0 0.355146 0.546669 0.085327 0.162418
0 0.256126 0.517887 0.089075 0.219984
0 0.154223 0.531044 0.091093 0.185444
0 0.159700 0.828742 0.089363 0.163240
0 0.159124 0.832031 0.089363 0.163240
0 0.257423 0.835321 0.089363 0.163240
0 0.349813 0.839227 0.081003 0.158717
0 0.445373 0.828331 0.079562 0.185444
0 0.535025 0.825863 0.079562 0.185444
0 0.625541 0.841488 0.077256 0.155839
0 0.711588 0.833470 0.070049 0.183388
0 0.801672 0.846834 0.065148 0.140214
0 0.889594 0.848479 0.065148 0.140214
