0 0.066088 0.335247 0.063657 0.186396
0 0.141551 0.337456 0.063657 0.186396
0 0.218634 0.340548 0.063657 0.186396
0 0.296875 0.339664 0.063657 0.186396
0 0.383449 0.321996 0.065509 0.229682
0 0.454514 0.344523 0.063657 0.185512
0 0.525810 0.340548 0.063657 0.185512
0 0.596181 0.341431 0.063657 0.185512
0 0.663773 0.341873 0.063657 0.185512
0 0.729745 0.339664 0.063657 0.185512
0 0.799421 0.338781 0.063657 0.185512
0 0.869329 0.313825 0.064120 0.207155
0 0.937616 0.311617 0.064120 0.207155
0 0.930903 0.722394 0.060417 0.200972
0 0.860532 0.738958 0.057176 0.159894
0 0.797801 0.742049 0.057176 0.159894
0 0.730556 0.739399 0.056019 0.214664
0 0.663426 0.748233 0.056019 0.214664
0 0.592245 0.755742 0.059954 0.162544
0 0.522338 0.756184 0.059954 0.162544
0 0.454514 0.757951 0.059954 0.162544
0 0.386921 0.759717 0.059954 0.162544
0 0.314699 0.760601 0.059954 0.162544
0 0.223032 0.770760 0.059954 0.162544
0 0.148958 0.766784 0.059954 0.162544
0 0.071296 0.758834 0.077778 0.225265
