0 0.131944 0.105732 0.047685 0.165605
0 0.190046 0.106157 0.047685 0.165605
0 0.243866 0.104246 0.053472 0.171975
0 0.304167 0.109554 0.047685 0.165605
0 0.359491 0.107431 0.047685 0.165605
0 0.417593 0.112739 0.050463 0.172824
0 0.479282 0.118259 0.055787 0.180467
0 0.539468 0.121231 0.055787 0.180467
0 0.597569 0.120382 0.055787 0.180467
0 0.670718 0.125690 0.047917 0.197877
0 0.727431 0.119745 0.047917 0.197877
0 0.784144 0.122081 0.046528 0.215287
0 0.864236 0.124416 0.044213 0.197877
0 0.926736 0.118471 0.044213 0.197877
0 0.907176 0.411465 0.052315 0.177495
0 0.836806 0.405096 0.045833 0.169851
0 0.782870 0.402972 0.045833 0.169851
0 0.717361 0.397877 0.045833 0.169851
0 0.664120 0.394480 0.045833 0.169851
0 0.604051 0.390870 0.043287 0.167728
0 0.552894 0.388747 0.043287 0.167728
0 0.493171 0.389172 0.043287 0.167728
0 0.421181 0.379406 0.043287 0.167728
0 0.364236 0.383652 0.043287 0.167728
0 0.312037 0.383439 0.048148 0.161359
0 0.255093 0.375796 0.048148 0.161359
0 0.201157 0.374947 0.048148 0.161359
0 0.152315 0.372824 0.048148 0.161359
0 0.161574 0.604034 0.047685 0.140552
0 0.211227 0.628875 0.042361 0.102760
0 0.265856 0.622293 0.044213 0.117622
0 0.313773 0.630786 0.044213 0.117622
0 0.364005 0.629936 0.044213 0.117622
0 0.413310 0.642251 0.044213 0.117622
0 0.467130 0.645648 0.045370 0.126115
0 0.521759 0.647771 0.045370 0.126115
0 0.577431 0.659448 0.047917 0.135881
0 0.632755 0.665393 0.047917 0.135881
0 0.700694 0.656263 0.044444 0.150743
0 0.757176 0.656476 0.051389 0.160510
0 0.819676 0.669214 0.051389 0.160510
0 0.882176 0.669639 0.051389 0.160510
0 0.857986 0.912527 0.049306 0.144374
0 0.796875 0.904883 0.049306 0.144374
0 0.743634 0.893418 0.049306 0.144374
0 0.678125 0.883227 0.049306 0.144374
0 0.629282 0.878556 0.049306 0.144374
0 0.573727 0.872611 0.040509 0.150318
0 0.518866 0.873036 0.040509 0.150318
0 0.467708 0.882378 0.047454 0.140127
0 0.417940 0.872187 0.047454 0.140127
0 0.367014 0.846285 0.047454 0.140127
0 0.318634 0.837367 0.047454 0.140127
0 0.273958 0.838854 0.042824 0.119321
0 0.227778 0.831635 0.043056 0.119321
0 0.176620 0.826539 0.043056 0.119321
