0 0.159259 0.217516 0.056481 0.123355
0 0.222454 0.220806 0.056481 0.123355
0 0.277431 0.219572 0.053009 0.125000
0 0.343403 0.219984 0.053009 0.125000
0 0.406597 0.217928 0.053009 0.125000
0 0.465625 0.221217 0.053009 0.125000
0 0.544560 0.223067 0.049769 0.130345
0 0.596181 0.225123 0.049769 0.130345
0 0.657060 0.226768 0.049769 0.130345
0 0.726968 0.221834 0.049769 0.130345
0 0.842245 0.230058 0.049769 0.130345
0 0.818981 0.539885 0.044907 0.129112
0 0.765046 0.532484 0.044907 0.129112
0 0.708102 0.537007 0.044907 0.129112
0 0.654861 0.533306 0.044907 0.129112
0 0.603009 0.539062 0.044907 0.129112
0 0.547685 0.538240 0.044907 0.129112
0 0.450579 0.537418 0.049769 0.134046
0 0.392245 0.532895 0.049769 0.134046
0 0.339005 0.534539 0.049769 0.134046
0 0.282755 0.537418 0.049769 0.134046
0 0.228125 0.534128 0.049769 0.134046
0 0.170486 0.533306 0.049769 0.134046
0 0.157755 0.839227 0.049769 0.134046
0 0.217477 0.841283 0.049769 0.134046
0 0.284144 0.847862 0.049769 0.134046
0 0.350810 0.831620 0.053935 0.167352
0 0.405440 0.827919 0.053935 0.167352
0 0.590972 0.831414 0.055556 0.165296
0 0.644213 0.831826 0.055556 0.165296
0 0.716435 0.832442 0.049074 0.134457
0 0.776620 0.831620 0.049074 0.134457
0 0.829861 0.834498 0.049074 0.134457
