0 0.173611 0.085321 0.038426 0.105674
0 0.216204 0.082854 0.037963 0.102385
0 0.258333 0.084910 0.037963 0.102385
0 0.298380 0.079153 0.037963 0.102385
0 0.337731 0.075863 0.037963 0.102385
0 0.379167 0.077508 0.037963 0.102385
0 0.419907 0.074219 0.037963 0.102385
0 0.462269 0.074630 0.037963 0.102385
0 0.503009 0.072574 0.037963 0.102385
0 0.543056 0.071752 0.037963 0.102385
0 0.587269 0.070929 0.037963 0.102385
0 0.627315 0.068873 0.037963 0.102385
0 0.630208 0.299548 0.034491 0.096628
0 0.589236 0.298725 0.034491 0.096628
0 0.549653 0.302837 0.034491 0.096628
0 0.510995 0.304482 0.034491 0.096628
0 0.469329 0.303660 0.034491 0.096628
0 0.429051 0.305715 0.034491 0.096628
0 0.386458 0.306127 0.034491 0.096628
0 0.345486 0.305304 0.034491 0.096628
0 0.306134 0.308183 0.034491 0.096628
0 0.267940 0.309827 0.034491 0.096628
0 0.225579 0.311883 0.034491 0.096628
0 0.185995 0.312294 0.034491 0.096628
0 0.188542 0.535156 0.034491 0.096628
0 0.229977 0.531456 0.034491 0.096628
0 0.269329 0.530633 0.034491 0.096628
0 0.312847 0.529811 0.034491 0.096628
0 0.352199 0.528988 0.034491 0.096628
0 0.389468 0.526933 0.034491 0.096628
0 0.425116 0.524877 0.034491 0.096628
0 0.465162 0.526521 0.034491 0.096628
0 0.508218 0.524465 0.034491 0.096628
0 0.551620 0.513363 0.037963 0.112253
0 0.593056 0.511308 0.037963 0.112253
0 0.631019 0.513363 0.037963 0.112253
0 0.627546 0.723067 0.037963 0.112253
0 0.588542 0.725946 0.034028 0.109786
0 0.551042 0.725123 0.034028 0.109786
0 0.509954 0.730880 0.034259 0.088405
0 0.470370 0.733758 0.034259 0.088405
0 0.434491 0.731702 0.034259 0.088405
0 0.393519 0.737459 0.034259 0.088405
0 0.356944 0.736637 0.034259 0.088405
0 0.319676 0.737048 0.034259 0.088405
0 0.281481 0.737459 0.034259 0.088405
0 0.246296 0.740337 0.034259 0.088405
0 0.204630 0.740748 0.034259 0.088405
0 0.206250 0.929071 0.034259 0.088405
0 0.244907 0.934416 0.034259 0.088405
0 0.284259 0.935238 0.034259 0.088405
0 0.322917 0.931538 0.034259 0.088405
0 0.359954 0.934827 0.034259 0.088405
0 0.400000 0.934005 0.034259 0.088405
0 0.433565 0.930304 0.034259 0.088405
0 0.472917 0.939762 0.034259 0.088405
0 0.510185 0.938939 0.034259 0.088405
0 0.547917 0.921464 0.034259 0.106086
0 0.582176 0.930921 0.034259 0.106086
0 0.622222 0.931332 0.034259 0.106086
