0 0.122100 0.291214 0.090832 0.254780
0 0.230192 0.309044 0.091964 0.221189
0 0.329089 0.320672 0.086022 0.219638
0 0.429259 0.305685 0.087153 0.268217
0 0.525184 0.311370 0.084324 0.259948
0 0.618563 0.343152 0.083192 0.223256
0 0.802915 0.352972 0.087436 0.216021
0 0.617997 0.342119 0.083192 0.223256
0 0.894312 0.361757 0.085739 0.201550
0 0.862196 0.826615 0.066214 0.182429
0 0.776174 0.822481 0.066214 0.182429
0 0.698642 0.829716 0.066214 0.182429
0 0.607244 0.821964 0.066214 0.182429
0 0.521364 0.829716 0.075552 0.183463
0 0.436757 0.816796 0.075552 0.183463
0 0.350453 0.814212 0.075552 0.183463
0 0.263158 0.806460 0.075835 0.217571
0 0.173175 0.806460 0.075835 0.217571
