0 0.054167 0.176192 0.070370 0.183799
0 0.136111 0.172492 0.070370 0.183799
0 0.210880 0.167969 0.070370 0.183799
0 0.285648 0.178660 0.070370 0.183799
0 0.357407 0.177837 0.070370 0.183799
0 0.427199 0.180921 0.067361 0.186678
0 0.499190 0.181332 0.067361 0.186678
0 0.574653 0.182155 0.067361 0.186678
0 0.654514 0.182566 0.067361 0.186678
0 0.733333 0.158717 0.079167 0.238487
0 0.818287 0.164474 0.079167 0.238487
0 0.893056 0.168586 0.079167 0.238487
0 0.846296 0.551398 0.087500 0.194079
0 0.775463 0.547492 0.073611 0.194490
0 0.711343 0.545436 0.073611 0.194490
0 0.639815 0.562089 0.065278 0.154605
0 0.574074 0.558799 0.065278 0.154605
0 0.505093 0.561678 0.065278 0.154605
0 0.437963 0.554688 0.065278 0.154605
0 0.368981 0.552220 0.054630 0.139803
0 0.307870 0.547697 0.054630 0.139803
0 0.241782 0.550370 0.060880 0.146793
0 0.175579 0.552015 0.060880 0.146793
0 0.108449 0.540913 0.060880 0.146793
0 0.125463 0.868010 0.060648 0.115954
0 0.188657 0.860609 0.060648 0.115954
0 0.250231 0.858553 0.060648 0.115954
0 0.312037 0.858964 0.060648 0.115954
0 0.373148 0.867188 0.060648 0.115954
0 0.435648 0.867599 0.060648 0.115954
0 0.497801 0.865543 0.060880 0.124178
0 0.560995 0.870683 0.060417 0.132812
0 0.621412 0.887541 0.060417 0.132812
0 0.685648 0.873561 0.056944 0.168174
0 0.748032 0.874383 0.058102 0.162418
0 0.816898 0.881785 0.063426 0.159128
