0 0.059491 0.308388 0.069444 0.196546
0 0.139352 0.307566 0.069444 0.196546
0 0.220602 0.309211 0.069444 0.196546
0 0.294676 0.307155 0.069444 0.196546
0 0.371528 0.308799 0.069444 0.196546
0 0.446991 0.310855 0.069444 0.196546
0 0.521759 0.307155 0.069444 0.196546
0 0.603935 0.311678 0.069444 0.196546
0 0.683565 0.306743 0.069444 0.196546
0 0.766551 0.282689 0.076157 0.237253
0 0.853125 0.287212 0.076157 0.237253
0 0.933449 0.288857 0.076157 0.237253
0 0.896412 0.697574 0.075231 0.201891
0 0.825116 0.699219 0.075231 0.201891
0 0.747685 0.687089 0.065741 0.191612
0 0.676157 0.703125 0.064352 0.163651
0 0.600463 0.702303 0.064352 0.163651
0 0.527778 0.708059 0.064352 0.163651
0 0.457176 0.706003 0.064352 0.163651
0 0.384954 0.706414 0.064352 0.163651
0 0.318750 0.708059 0.064352 0.163651
0 0.244444 0.706003 0.064352 0.163651
0 0.170949 0.701480 0.064120 0.163651
0 0.100347 0.701891 0.064120 0.163651
