0 0.133168 0.130208 0.052557 0.112689
0 0.191051 0.125000 0.052557 0.112689
0 0.248580 0.122633 0.053267 0.116477
0 0.313743 0.115530 0.057884 0.118371
0 0.385121 0.117898 0.057884 0.118371
0 0.450462 0.115530 0.057884 0.118371
0 0.515803 0.117898 0.057884 0.118371
0 0.581143 0.118371 0.057884 0.118371
0 0.644709 0.117424 0.057884 0.118371
0 0.713246 0.121686 0.057884 0.118371
0 0.777876 0.122159 0.057884 0.118371
0 0.853871 0.121212 0.057884 0.118371
0 0.846768 0.392045 0.057884 0.118371
0 0.782670 0.388494 0.057528 0.124527
0 0.715909 0.393229 0.057528 0.124527
0 0.645064 0.389205 0.064276 0.125000
0 0.579723 0.384943 0.064276 0.125000
0 0.513849 0.378314 0.061080 0.142045
0 0.445845 0.391335 0.060724 0.123580
0 0.379794 0.386127 0.060724 0.123580
0 0.312322 0.389441 0.060724 0.123580
0 0.242365 0.389915 0.060724 0.123580
0 0.181463 0.382339 0.058949 0.138731
0 0.120384 0.383759 0.058949 0.138731
0 0.105114 0.610559 0.058949 0.138731
0 0.176847 0.611032 0.058949 0.138731
0 0.238991 0.615294 0.058949 0.138731
0 0.300071 0.624527 0.058949 0.131629
0 0.362216 0.625947 0.058949 0.131629
0 0.430753 0.627367 0.058949 0.131629
0 0.494318 0.630682 0.058949 0.131629
0 0.565696 0.626420 0.058949 0.131629
0 0.631747 0.631155 0.058949 0.131629
0 0.700284 0.628788 0.058949 0.131629
0 0.770241 0.617424 0.053267 0.143939
0 0.834695 0.627604 0.056463 0.131155
0 0.834695 0.861979 0.056463 0.131155
0 0.756214 0.865767 0.056463 0.131155
0 0.690518 0.865767 0.056463 0.131155
0 0.624112 0.859848 0.053622 0.152462
0 0.559659 0.868608 0.058949 0.131155
0 0.492898 0.864347 0.058949 0.131155
0 0.419389 0.864820 0.058949 0.131155
0 0.350852 0.851799 0.047585 0.140152
0 0.294034 0.849905 0.047585 0.140152
0 0.229048 0.839962 0.047585 0.140152
0 0.168146 0.851089 0.057173 0.124527
0 0.106357 0.846828 0.057173 0.124527
