0 0.053089 0.198062 0.069247 0.144632
0 0.127308 0.198559 0.069247 0.144632
0 0.207919 0.197565 0.069247 0.144632
0 0.294744 0.201541 0.066051 0.146620
0 0.372159 0.202038 0.066051 0.146620
0 0.638849 0.199553 0.066051 0.146620
0 0.713778 0.203032 0.066051 0.146620
0 0.804688 0.199056 0.066051 0.146620
0 0.890625 0.201044 0.066051 0.146620
0 0.963423 0.195577 0.066051 0.146620
0 0.964666 0.514165 0.063565 0.164513
0 0.898260 0.507704 0.063565 0.164513
0 0.823509 0.525845 0.060369 0.137177
0 0.747159 0.523857 0.060369 0.137177
0 0.678622 0.523857 0.060369 0.137177
0 0.603693 0.528330 0.060369 0.137177
0 0.527344 0.509195 0.066051 0.161531
0 0.455611 0.512674 0.066051 0.161531
0 0.368608 0.513171 0.066051 0.161531
0 0.292969 0.526342 0.069602 0.140159
0 0.222656 0.525348 0.069602 0.140159
0 0.150923 0.525348 0.069602 0.140159
0 0.080256 0.527833 0.069602 0.140159
0 0.077770 0.830517 0.065341 0.124254
0 0.152344 0.834990 0.065341 0.124254
0 0.219283 0.821322 0.067116 0.155567
0 0.299006 0.838966 0.065341 0.129225
0 0.384766 0.829523 0.061435 0.159046
0 0.451882 0.833996 0.061435 0.159046
0 0.525568 0.844185 0.063920 0.141650
0 0.597656 0.844185 0.063920 0.141650
0 0.662997 0.842197 0.063920 0.141650
0 0.737393 0.827038 0.063565 0.157058
0 0.802379 0.830268 0.059304 0.147614
0 0.876243 0.836730 0.066406 0.126740
0 0.950462 0.835736 0.066406 0.126740
