0 0.078125 0.097521 0.072443 0.190634
0 0.159801 0.104132 0.072443 0.190634
0 0.245739 0.101928 0.072443 0.177410
0 0.330256 0.105234 0.072443 0.177410
0 0.415483 0.105234 0.072443 0.177410
0 0.498580 0.108540 0.072443 0.177410
0 0.575284 0.109642 0.072443 0.177410
0 0.657670 0.118457 0.072443 0.177410
0 0.739347 0.116253 0.072443 0.177410
0 0.817472 0.116253 0.072443 0.177410
0 0.895597 0.121763 0.072443 0.177410
0 0.967685 0.122865 0.064631 0.173003
0 0.955256 0.488705 0.072443 0.177410
0 0.870739 0.488705 0.072443 0.177410
0 0.796875 0.488705 0.072443 0.177410
0 0.712358 0.482094 0.072443 0.177410
0 0.632102 0.483196 0.072443 0.177410
0 0.550426 0.478788 0.072443 0.177410
0 0.471591 0.480992 0.072443 0.177410
0 0.391335 0.474380 0.072443 0.177410
0 0.308949 0.473278 0.072443 0.177410
0 0.227983 0.475482 0.072443 0.177410
0 0.147017 0.475482 0.072443 0.177410
0 0.066761 0.469972 0.072443 0.177410
0 0.081676 0.817080 0.072443 0.177410
0 0.159801 0.822590 0.072443 0.177410
0 0.240412 0.805510 0.075994 0.204959
0 0.316761 0.823691 0.072443 0.166391
0 0.396307 0.821488 0.072443 0.166391
0 0.481889 0.811570 0.073153 0.197245
0 0.555043 0.809366 0.073153 0.197245
0 0.642045 0.823691 0.075284 0.166391
0 0.712358 0.824793 0.075284 0.166391
0 0.792614 0.811570 0.069602 0.192837
0 0.869318 0.820937 0.068182 0.171901
0 0.947443 0.824242 0.068182 0.163085
