0 0.047585 0.252841 0.060369 0.117424
0 0.116477 0.252841 0.060369 0.117424
0 0.187500 0.251894 0.060369 0.117424
0 0.270774 0.254261 0.062855 0.125947
0 0.346058 0.257576 0.062855 0.125947
0 0.593928 0.256629 0.062855 0.125947
0 0.664240 0.254735 0.062855 0.125947
0 0.761896 0.253788 0.062855 0.125947
0 0.832919 0.252841 0.062855 0.125947
0 0.911399 0.254261 0.062855 0.125947
0 0.909268 0.560133 0.061435 0.120265
0 0.842507 0.562500 0.061435 0.120265
0 0.773260 0.554924 0.061435 0.120265
0 0.704368 0.555161 0.067116 0.125473
0 0.633345 0.555634 0.067116 0.125473
0 0.563388 0.549953 0.067116 0.125473
0 0.492365 0.536932 0.064276 0.145833
0 0.418857 0.535038 0.064276 0.145833
0 0.337180 0.533144 0.064276 0.145833
0 0.253196 0.548295 0.063920 0.128788
0 0.183949 0.548769 0.063920 0.128788
0 0.122159 0.547822 0.063920 0.128788
0 0.052912 0.544508 0.063920 0.128788
0 0.050959 0.830966 0.061435 0.117424
0 0.124822 0.829072 0.061435 0.117424
0 0.190696 0.822680 0.066051 0.148201
0 0.259588 0.833333 0.061080 0.115530
0 0.343395 0.831439 0.061080 0.115530
0 0.418679 0.839015 0.061080 0.119318
0 0.488104 0.833097 0.062855 0.142519
0 0.560192 0.833097 0.062855 0.142519
0 0.628018 0.836884 0.062855 0.142519
0 0.695135 0.836884 0.062855 0.142519
0 0.769354 0.834991 0.062855 0.142519
0 0.835582 0.850379 0.059659 0.123106
0 0.905185 0.847064 0.059659 0.123106
