0 0.145241 0.140152 0.045455 0.107008
0 0.205611 0.141572 0.045455 0.107008
0 0.259233 0.141572 0.045455 0.107008
0 0.319957 0.139678 0.045455 0.107008
0 0.377841 0.141098 0.045455 0.107008
0 0.439808 0.134470 0.038707 0.117424
0 0.498402 0.129261 0.038707 0.117424
0 0.556286 0.135653 0.045099 0.103693
0 0.609908 0.141335 0.045099 0.103693
0 0.668146 0.138968 0.045099 0.103693
0 0.726740 0.140388 0.045099 0.103693
0 0.785334 0.141809 0.045099 0.103693
0 0.837536 0.146070 0.045099 0.103693
0 0.895419 0.146544 0.045099 0.103693
0 0.893999 0.370028 0.045099 0.103693
0 0.833984 0.372396 0.045099 0.103693
0 0.781072 0.371449 0.045099 0.103693
0 0.726740 0.369555 0.045099 0.103693
0 0.676669 0.363873 0.045099 0.129261
0 0.610085 0.380208 0.051847 0.112689
0 0.553267 0.375947 0.051847 0.112689
0 0.493963 0.374053 0.051847 0.112689
0 0.433949 0.376420 0.051847 0.112689
0 0.379616 0.377367 0.051847 0.112689
0 0.319247 0.376420 0.051847 0.112689
0 0.254616 0.376894 0.049006 0.112689
0 0.200994 0.378314 0.049006 0.112689
0 0.141690 0.376420 0.049006 0.112689
0 0.141690 0.609375 0.051847 0.129735
0 0.197088 0.610795 0.051847 0.129735
0 0.255682 0.607481 0.051847 0.129735
0 0.316406 0.615057 0.052557 0.108902
0 0.373580 0.614110 0.052557 0.108902
0 0.440341 0.609848 0.052557 0.108902
0 0.497514 0.611269 0.052557 0.108902
0 0.553977 0.610322 0.052557 0.108902
0 0.612393 0.606771 0.053622 0.100852
0 0.667081 0.605824 0.053622 0.100852
0 0.728871 0.603930 0.053622 0.100852
0 0.785334 0.602036 0.053622 0.100852
0 0.843217 0.598722 0.053622 0.100852
0 0.894176 0.599195 0.037642 0.125473
0 0.901989 0.832386 0.054688 0.128788
0 0.842685 0.836648 0.054688 0.128788
0 0.783381 0.840436 0.054688 0.128788
0 0.729581 0.846117 0.045099 0.112689
0 0.673828 0.836648 0.047940 0.126894
0 0.612749 0.849905 0.047940 0.126894
0 0.555930 0.849905 0.051491 0.115530
0 0.497692 0.851326 0.051491 0.115530
0 0.437322 0.851326 0.051491 0.115530
0 0.376243 0.848485 0.051491 0.115530
0 0.322443 0.848011 0.041903 0.119318
0 0.258878 0.850379 0.053267 0.106061
0 0.197798 0.854167 0.053267 0.106061
0 0.133523 0.857481 0.053267 0.106061
