0 0.107777 0.269543 0.050071 0.123858
0 0.169389 0.263452 0.053977 0.130964
0 0.229759 0.257868 0.053977 0.130964
0 0.298473 0.246954 0.058594 0.133503
0 0.372692 0.253553 0.058594 0.133503
0 0.436612 0.247970 0.058594 0.133503
0 0.514027 0.244924 0.058594 0.133503
0 0.575817 0.243909 0.058594 0.133503
0 0.646839 0.246447 0.058594 0.133503
0 0.715732 0.247462 0.058594 0.133503
0 0.786754 0.245431 0.058594 0.133503
0 0.864169 0.248477 0.058594 0.133503
0 0.863459 0.548477 0.060014 0.141624
0 0.791726 0.547462 0.060014 0.141624
0 0.726740 0.550254 0.067827 0.145178
0 0.645064 0.551269 0.067827 0.145178
0 0.583274 0.552792 0.067827 0.145178
0 0.510653 0.545939 0.060369 0.164975
0 0.440696 0.557107 0.062500 0.144670
0 0.371449 0.556091 0.062500 0.144670
0 0.293324 0.565228 0.062500 0.144670
0 0.228693 0.560660 0.062500 0.144670
0 0.159624 0.555584 0.063565 0.164975
0 0.097834 0.553046 0.055753 0.163959
0 0.082386 0.813198 0.056818 0.158376
0 0.152699 0.808122 0.056818 0.158376
0 0.218395 0.810152 0.056818 0.158376
0 0.287464 0.826142 0.060014 0.144670
0 0.353161 0.820558 0.060014 0.144670
0 0.425249 0.827157 0.060014 0.144670
0 0.495561 0.820558 0.060014 0.144670
0 0.569425 0.823096 0.060014 0.144670
0 0.640803 0.823096 0.060014 0.144670
0 0.711115 0.822081 0.060014 0.144670
0 0.785334 0.808376 0.061435 0.164975
0 0.854936 0.817005 0.060014 0.147716
