0 0.120758 0.115294 0.043513 0.093277
0 0.176647 0.118608 0.043513 0.093277
0 0.232136 0.116714 0.043513 0.093277
0 0.284431 0.115767 0.043513 0.093277
0 0.346707 0.113873 0.043513 0.093277
0 0.403593 0.107008 0.038323 0.099432
0 0.459481 0.110795 0.038323 0.099432
0 0.512974 0.115530 0.044711 0.089962
0 0.566068 0.117898 0.044711 0.089962
0 0.620758 0.118371 0.044711 0.089962
0 0.673852 0.117424 0.044711 0.089962
0 0.731737 0.122633 0.044711 0.089962
0 0.782834 0.120739 0.044711 0.089962
0 0.835928 0.119792 0.044711 0.089962
0 0.834132 0.311790 0.042715 0.087595
0 0.779441 0.317472 0.042715 0.087595
0 0.728743 0.315578 0.042715 0.087595
0 0.672854 0.312263 0.042715 0.087595
0 0.627745 0.311316 0.042715 0.087595
0 0.568263 0.315104 0.042715 0.087595
0 0.512375 0.310133 0.049102 0.089015
0 0.454890 0.309186 0.049102 0.089015
0 0.400998 0.316288 0.049102 0.089015
0 0.346307 0.313920 0.049102 0.089015
0 0.290020 0.314394 0.049102 0.089015
0 0.229741 0.315341 0.049102 0.089015
0 0.175050 0.312500 0.049102 0.089015
0 0.116367 0.312973 0.049900 0.096591
0 0.119162 0.513021 0.048303 0.111269
0 0.175050 0.512074 0.048303 0.111269
0 0.233733 0.514441 0.048303 0.111269
0 0.287425 0.518939 0.047904 0.103220
0 0.341317 0.520360 0.047904 0.103220
0 0.403593 0.516098 0.047904 0.103220
0 0.458882 0.516335 0.048303 0.098011
0 0.511976 0.514915 0.048303 0.098011
0 0.566667 0.514915 0.048303 0.098011
0 0.623752 0.513021 0.048303 0.098011
0 0.677645 0.510653 0.048303 0.098011
0 0.731138 0.513968 0.048303 0.098011
0 0.783433 0.513021 0.048303 0.098011
0 0.832335 0.506392 0.039122 0.104640
0 0.842116 0.696970 0.045908 0.098485
0 0.790220 0.697917 0.045908 0.098485
0 0.734331 0.704545 0.054691 0.102273
0 0.680439 0.711884 0.049102 0.092330
0 0.621756 0.705492 0.054691 0.102273
0 0.567066 0.715672 0.049102 0.095170
0 0.514371 0.714725 0.049102 0.095170
0 0.460878 0.717093 0.049102 0.095170
0 0.403393 0.719460 0.049102 0.095170
0 0.346707 0.719934 0.049102 0.095170
0 0.293613 0.720644 0.044311 0.094697
0 0.229142 0.723485 0.052695 0.093750
0 0.175649 0.721591 0.052695 0.093750
0 0.113373 0.721591 0.052695 0.093750
0 0.114770 0.916193 0.045908 0.107955
0 0.172255 0.917140 0.045908 0.107955
0 0.231936 0.923059 0.047904 0.092330
0 0.288623 0.912169 0.047904 0.092330
0 0.345309 0.919744 0.047904 0.092330
0 0.395409 0.909801 0.047505 0.083807
0 0.449701 0.910511 0.049900 0.100379
0 0.506387 0.908381 0.049900 0.098011
0 0.559880 0.907670 0.047505 0.086174
0 0.620160 0.903172 0.053094 0.105587
0 0.674451 0.907907 0.053094 0.105587
0 0.723752 0.904119 0.046307 0.097064
0 0.673653 0.906960 0.053094 0.105587
0 0.774052 0.904119 0.046307 0.097064
