0 0.031851 0.205729 0.058719 0.126420
0 0.096797 0.214962 0.049822 0.099432
0 0.153381 0.210701 0.049822 0.099432
0 0.207829 0.208807 0.049822 0.099432
0 0.265836 0.205492 0.049822 0.099432
0 0.327580 0.204072 0.058007 0.105114
0 0.394484 0.198864 0.058007 0.105114
0 0.461388 0.200284 0.058007 0.105114
0 0.521174 0.199337 0.058007 0.105114
0 0.583452 0.199337 0.058007 0.105114
0 0.651423 0.196496 0.058007 0.105114
0 0.710142 0.197443 0.058007 0.105114
0 0.779181 0.194602 0.058007 0.105114
0 0.843060 0.190578 0.053381 0.136837
0 0.919039 0.188684 0.047331 0.136837
0 0.885943 0.507102 0.060142 0.135417
0 0.816548 0.504261 0.060142 0.135417
0 0.747509 0.517282 0.057295 0.119792
0 0.685587 0.518229 0.057295 0.119792
0 0.621886 0.516335 0.057295 0.119792
0 0.557473 0.514441 0.057295 0.119792
0 0.493772 0.516809 0.057295 0.119792
0 0.426157 0.512547 0.057295 0.119792
0 0.364235 0.516098 0.055160 0.118371
0 0.303025 0.513258 0.055160 0.118371
0 0.246085 0.512311 0.055160 0.118371
0 0.184875 0.511364 0.055160 0.118371
0 0.124733 0.508049 0.055160 0.118371
0 0.074199 0.508049 0.055160 0.118371
0 0.016726 0.498343 0.032740 0.129261
0 0.045907 0.791903 0.045552 0.105587
0 0.100712 0.799479 0.045552 0.105587
0 0.157651 0.806581 0.045552 0.105587
0 0.214057 0.808712 0.050178 0.114583
0 0.271352 0.808712 0.050178 0.114583
0 0.330783 0.813447 0.050178 0.114583
0 0.390569 0.815814 0.050178 0.114583
0 0.458363 0.821496 0.056228 0.119318
0 0.519573 0.826231 0.056228 0.119318
0 0.579359 0.830966 0.056228 0.119318
0 0.640569 0.828598 0.056228 0.119318
0 0.711744 0.829072 0.062633 0.124053
0 0.774021 0.829545 0.062633 0.124053
0 0.835231 0.831913 0.062633 0.124053
0 0.895196 0.824337 0.053025 0.140152
