0 0.097834 0.248130 0.055043 0.175748
0 0.162820 0.252404 0.055043 0.175748
0 0.221058 0.246795 0.057884 0.162393
0 0.294567 0.256143 0.057173 0.147970
0 0.354581 0.256143 0.057173 0.147970
0 0.417081 0.255609 0.060014 0.140491
0 0.483132 0.254541 0.060014 0.140491
0 0.545987 0.252404 0.060014 0.140491
0 0.608487 0.256677 0.060014 0.140491
0 0.682884 0.245459 0.057528 0.160791
0 0.739702 0.255075 0.053977 0.139423
0 0.801136 0.254006 0.056108 0.139423
0 0.858310 0.256143 0.056108 0.139423
0 0.923651 0.255075 0.056108 0.139423
0 0.920277 0.535524 0.043679 0.154380
0 0.863459 0.547276 0.051491 0.143697
0 0.801669 0.547276 0.051491 0.143697
0 0.738814 0.548344 0.051491 0.143697
0 0.674183 0.551549 0.051491 0.143697
0 0.614169 0.553152 0.051491 0.143697
0 0.548118 0.547810 0.060014 0.136218
0 0.486683 0.544605 0.060014 0.136218
0 0.422053 0.542468 0.060014 0.136218
0 0.353516 0.545673 0.060014 0.136218
0 0.286932 0.545673 0.052557 0.129808
0 0.226030 0.541132 0.057884 0.151709
0 0.161399 0.541132 0.057884 0.151709
0 0.100675 0.543269 0.057884 0.151709
0 0.093750 0.846421 0.060369 0.131944
0 0.162642 0.837874 0.060369 0.131944
0 0.226562 0.840011 0.060369 0.131944
0 0.297585 0.831731 0.051847 0.157051
0 0.358842 0.839476 0.057173 0.128739
0 0.418146 0.837340 0.057173 0.128739
0 0.484908 0.833066 0.057173 0.128739
0 0.547763 0.830929 0.057173 0.128739
0 0.610973 0.831998 0.057173 0.128739
0 0.674538 0.826923 0.059304 0.162393
0 0.735263 0.835203 0.058594 0.139423
0 0.797053 0.825855 0.059304 0.153846
0 0.925249 0.819444 0.059304 0.153846
0 0.859908 0.823718 0.059304 0.153846
