0 0.107777 0.263524 0.055043 0.169255
0 0.172053 0.259775 0.055043 0.169255
0 0.235263 0.271559 0.052202 0.153187
0 0.302557 0.264596 0.062500 0.152116
0 0.380682 0.257097 0.062500 0.152116
0 0.446733 0.257097 0.062500 0.152116
0 0.518466 0.246652 0.059659 0.175147
0 0.587358 0.256026 0.061080 0.160686
0 0.652344 0.257097 0.061080 0.160686
0 0.730824 0.253883 0.061080 0.160686
0 0.801136 0.259239 0.061080 0.160686
0 0.865412 0.253883 0.061080 0.160686
0 0.857422 0.528120 0.062145 0.154258
0 0.789240 0.524103 0.052202 0.179432
0 0.646307 0.542046 0.058239 0.162828
0 0.576705 0.537761 0.058239 0.162828
0 0.502131 0.539904 0.058239 0.162828
0 0.432884 0.540975 0.057528 0.158543
0 0.363281 0.539904 0.057528 0.158543
0 0.297230 0.542046 0.057528 0.158543
0 0.228516 0.532405 0.060014 0.171398
0 0.163885 0.531334 0.060014 0.171398
0 0.091797 0.535083 0.055043 0.166042
0 0.096413 0.815212 0.056463 0.155329
0 0.161754 0.820568 0.056463 0.155329
0 0.228516 0.807445 0.055753 0.181575
0 0.291016 0.817086 0.055753 0.181575
0 0.353871 0.818157 0.055753 0.181575
0 0.426669 0.828066 0.062145 0.157472
0 0.498047 0.828066 0.062145 0.157472
0 0.575462 0.826995 0.062145 0.157472
0 0.636719 0.813337 0.055398 0.176219
0 0.708807 0.819497 0.060369 0.157472
0 0.774858 0.817354 0.060369 0.157472
0 0.859375 0.814140 0.060369 0.157472
