0 0.117543 0.318182 0.077415 0.276158
0 0.207031 0.328473 0.077415 0.276158
0 0.298295 0.309605 0.071023 0.324185
0 0.377131 0.332762 0.073864 0.288165
0 0.456676 0.336192 0.073864 0.288165
0 0.544744 0.309605 0.072443 0.317324
0 0.629261 0.297599 0.072443 0.317324
0 0.715199 0.326758 0.075284 0.269297
0 0.800781 0.306175 0.080256 0.331046
0 0.878551 0.328473 0.072443 0.265866
0 0.882102 0.720412 0.075284 0.308748
0 0.803267 0.730703 0.075284 0.308748
0 0.725497 0.756432 0.077415 0.257290
0 0.636009 0.756432 0.077415 0.257290
0 0.544744 0.732419 0.092330 0.336192
0 0.462358 0.762436 0.069602 0.255575
0 0.389205 0.760720 0.063920 0.265866
0 0.305398 0.759863 0.075284 0.281304
0 0.225142 0.759863 0.075284 0.281304
0 0.129261 0.769297 0.075284 0.259005
