0 0.152344 0.234441 0.067472 0.186103
0 0.240412 0.207855 0.067472 0.186103
0 0.391690 0.247734 0.067472 0.186103
0 0.471591 0.228399 0.075284 0.205438
0 0.555398 0.242296 0.071023 0.180060
0 0.629616 0.225982 0.057528 0.200604
0 0.708097 0.233233 0.068182 0.210272
0 0.788352 0.249547 0.068182 0.172810
0 0.868253 0.247734 0.070312 0.186103
0 0.867543 0.540181 0.070312 0.186103
0 0.794389 0.537764 0.070312 0.186103
0 0.707386 0.505136 0.065341 0.190937
0 0.633878 0.532931 0.068892 0.181269
0 0.557173 0.531722 0.068892 0.181269
0 0.470526 0.534139 0.068892 0.181269
0 0.385298 0.514804 0.071733 0.215106
0 0.311435 0.532326 0.070312 0.187311
0 0.236861 0.529909 0.070312 0.187311
0 0.160866 0.510574 0.067472 0.228399
0 0.150213 0.810876 0.073153 0.215106
0 0.228693 0.822356 0.073864 0.196979
0 0.308239 0.794562 0.075284 0.194562
0 0.392045 0.812085 0.076705 0.222356
0 0.470881 0.802417 0.071023 0.222356
0 0.544744 0.826586 0.065341 0.190937
0 0.621094 0.822961 0.073153 0.188520
0 0.788352 0.822961 0.069602 0.186103
0 0.863636 0.825378 0.069602 0.186103
