0 0.086293 0.306335 0.061790 0.253408
0 0.160866 0.306335 0.061790 0.253408
0 0.224787 0.306335 0.061790 0.253408
0 0.296520 0.319968 0.058949 0.216520
0 0.363991 0.316760 0.058949 0.216520
0 0.432884 0.315156 0.058949 0.216520
0 0.504616 0.319968 0.058949 0.216520
0 0.579901 0.318364 0.058949 0.216520
0 0.650923 0.321572 0.058949 0.216520
0 0.724077 0.318364 0.058949 0.216520
0 0.798295 0.308741 0.055398 0.251804
0 0.867898 0.319166 0.062500 0.227747
0 0.868608 0.755413 0.062500 0.227747
0 0.781960 0.755413 0.062500 0.227747
0 0.711648 0.753809 0.062500 0.227747
0 0.641690 0.746592 0.057528 0.274258
0 0.573153 0.765838 0.066761 0.245389
0 0.500000 0.764234 0.066761 0.245389
0 0.428977 0.760225 0.065341 0.237370
0 0.350497 0.737771 0.057528 0.269447
0 0.287287 0.736167 0.057528 0.269447
0 0.220526 0.731355 0.057528 0.269447
0 0.153764 0.741780 0.061790 0.226143
0 0.086293 0.738573 0.061790 0.226143
