0 0.057368 0.241389 0.054619 0.123251
0 0.116752 0.243541 0.052419 0.118945
0 0.176136 0.241389 0.052419 0.118945
0 0.235887 0.238159 0.052419 0.118945
0 0.295271 0.236276 0.056085 0.128095
0 0.358321 0.237890 0.056085 0.128095
0 0.422104 0.240850 0.059751 0.139397
0 0.487353 0.241927 0.059751 0.139397
0 0.552603 0.240850 0.059751 0.139397
0 0.618218 0.243003 0.059751 0.139397
0 0.688233 0.247309 0.063416 0.132939
0 0.757881 0.247309 0.063416 0.132939
0 0.826796 0.253229 0.063416 0.132939
0 0.890213 0.257535 0.063416 0.132939
0 0.958211 0.245694 0.061584 0.159849
0 0.910557 0.615178 0.054985 0.113025
0 0.840909 0.605490 0.054985 0.113025
0 0.777859 0.602260 0.054985 0.113025
0 0.712610 0.601184 0.054985 0.113025
0 0.651393 0.589882 0.054985 0.113025
0 0.587977 0.585576 0.054985 0.113025
0 0.519611 0.570775 0.053152 0.131862
0 0.455462 0.571313 0.053152 0.141550
0 0.396444 0.579386 0.056085 0.121098
0 0.339626 0.576157 0.056085 0.121098
0 0.273644 0.560280 0.050220 0.139935
0 0.220491 0.567546 0.052419 0.121098
0 0.164406 0.562164 0.052419 0.121098
0 0.113820 0.557320 0.052419 0.121098
0 0.058468 0.543326 0.052419 0.121098
0 0.099523 0.826695 0.043622 0.114101
0 0.156708 0.845533 0.048754 0.103337
0 0.209861 0.855221 0.048754 0.103337
0 0.262280 0.860065 0.048754 0.103337
0 0.313600 0.858988 0.042155 0.123789
0 0.369685 0.872174 0.046554 0.103875
0 0.425037 0.877557 0.046554 0.103875
0 0.482588 0.876749 0.048021 0.123789
0 0.539773 0.886437 0.056085 0.110872
0 0.597507 0.885899 0.054985 0.120560
0 0.662207 0.901507 0.055352 0.114101
0 0.783908 0.910926 0.051686 0.116792
0 0.845125 0.914155 0.053152 0.118945
0 0.901943 0.917115 0.054619 0.117330
