0 0.050071 0.186930 0.051847 0.098278
0 0.108665 0.182877 0.051847 0.098278
0 0.163707 0.183891 0.051847 0.098278
0 0.222301 0.180851 0.051847 0.098278
0 0.280185 0.177305 0.051847 0.098278
0 0.342330 0.176292 0.051847 0.098278
0 0.404830 0.175279 0.051847 0.098278
0 0.468395 0.175785 0.058239 0.109422
0 0.529474 0.177305 0.058239 0.109422
0 0.595170 0.177305 0.058239 0.109422
0 0.658736 0.178318 0.058239 0.109422
0 0.721946 0.181864 0.058239 0.109422
0 0.783736 0.181864 0.058239 0.109422
0 0.848722 0.186424 0.058239 0.109422
0 0.916548 0.185410 0.058239 0.109422
0 0.950462 0.505066 0.049361 0.144883
0 0.882635 0.502533 0.049361 0.144883
0 0.822088 0.513425 0.059659 0.121074
0 0.752131 0.511398 0.059659 0.121074
0 0.692827 0.507345 0.059659 0.121074
0 0.623935 0.507345 0.059659 0.121074
0 0.564631 0.507345 0.059659 0.121074
0 0.502131 0.507345 0.059659 0.121074
0 0.432884 0.505319 0.059659 0.121074
0 0.363991 0.504306 0.059659 0.121074
0 0.303977 0.504306 0.059659 0.121074
0 0.244673 0.504306 0.059659 0.121074
0 0.183594 0.505826 0.059659 0.121074
0 0.128906 0.502280 0.059659 0.121074
0 0.060902 0.487589 0.060724 0.139311
0 0.028942 0.805471 0.052202 0.140831
0 0.098899 0.819149 0.051491 0.115502
0 0.156428 0.824721 0.051491 0.115502
0 0.215732 0.826241 0.051491 0.115502
0 0.279297 0.832827 0.051491 0.115502
0 0.337180 0.832827 0.051491 0.115502
0 0.396839 0.837639 0.056463 0.118034
0 0.463956 0.839666 0.056463 0.118034
0 0.528764 0.843718 0.059659 0.123100
0 0.593040 0.844732 0.059659 0.123100
0 0.658736 0.845745 0.059659 0.123100
0 0.723722 0.848278 0.059659 0.123100
0 0.784801 0.849291 0.059659 0.123100
0 0.851030 0.840679 0.062145 0.145390
0 0.918857 0.839666 0.062145 0.145390
