0 0.185902 0.217803 0.057884 0.146780
0 0.261896 0.215909 0.057884 0.146780
0 0.328303 0.214962 0.057884 0.146780
0 0.401101 0.214962 0.057884 0.146780
0 0.470170 0.220644 0.057528 0.154356
0 0.542614 0.228930 0.058239 0.126420
0 0.618963 0.233665 0.058239 0.126420
0 0.691229 0.221591 0.059304 0.151515
0 0.756214 0.232244 0.057173 0.124527
0 0.828480 0.223958 0.063920 0.134470
0 0.835760 0.429688 0.059304 0.127367
0 0.759766 0.433949 0.059304 0.127367
0 0.687500 0.423769 0.061790 0.155303
0 0.621271 0.423295 0.055043 0.145833
0 0.552202 0.432055 0.060369 0.130208
0 0.474964 0.423532 0.062855 0.146307
0 0.403942 0.429688 0.062855 0.125473
0 0.271129 0.407907 0.062855 0.125473
0 0.188743 0.425900 0.062855 0.125473
0 0.197443 0.623343 0.062500 0.163352
0 0.266335 0.636837 0.061790 0.136364
0 0.331676 0.640625 0.061790 0.136364
0 0.403409 0.626894 0.060369 0.152462
0 0.477095 0.636364 0.060014 0.131629
0 0.555220 0.636364 0.064276 0.137311
0 0.624822 0.638731 0.064276 0.137311
0 0.691584 0.623343 0.063565 0.154830
0 0.764915 0.634706 0.066051 0.130208
0 0.835938 0.633759 0.066051 0.130208
0 0.836293 0.837831 0.066051 0.130208
0 0.767756 0.831203 0.066051 0.130208
0 0.613281 0.836884 0.066051 0.130208
0 0.546520 0.842566 0.066051 0.130208
0 0.476562 0.830019 0.066051 0.170455
0 0.409091 0.835701 0.066051 0.170455
0 0.329901 0.835701 0.066051 0.170455
0 0.257457 0.841856 0.068182 0.139205
0 0.189986 0.838778 0.064631 0.161458
