0 0.234553 0.146109 0.047230 0.112090
0 0.301847 0.141214 0.056818 0.113069
0 0.359730 0.140969 0.043324 0.122369
0 0.426669 0.143172 0.045810 0.119922
0 0.484197 0.148067 0.055043 0.131669
0 0.546875 0.161282 0.053977 0.122859
0 0.613636 0.161282 0.053267 0.112090
0 0.677557 0.147822 0.051847 0.132159
0 0.732955 0.164709 0.053267 0.112090
0 0.794744 0.155898 0.053267 0.112090
0 0.801847 0.344347 0.053267 0.112090
0 0.737571 0.343368 0.053267 0.112090
0 0.676491 0.334557 0.050426 0.135585
0 0.616832 0.334557 0.050426 0.135585
0 0.558239 0.345326 0.051847 0.120901
0 0.488459 0.335536 0.054332 0.133627
0 0.425604 0.344347 0.057173 0.111111
0 0.306996 0.335781 0.052912 0.137053
0 0.238281 0.341899 0.052557 0.118943
0 0.246271 0.521537 0.054332 0.153206
0 0.306641 0.531326 0.056463 0.120901
0 0.362749 0.530348 0.056463 0.120901
0 0.423295 0.520803 0.055398 0.139011
0 0.489879 0.531571 0.054332 0.119432
0 0.561967 0.527655 0.054332 0.119432
0 0.618786 0.529613 0.054332 0.119432
0 0.677379 0.517621 0.052202 0.138522
0 0.749645 0.527166 0.051136 0.117474
0 0.801847 0.529613 0.051136 0.117474
0 0.800959 0.710720 0.052912 0.116495
0 0.745916 0.712188 0.052912 0.116495
0 0.611683 0.716593 0.062145 0.121390
0 0.551847 0.720999 0.056818 0.123348
0 0.490589 0.705825 0.054332 0.153696
0 0.429155 0.712677 0.059304 0.141948
0 0.362038 0.707293 0.059304 0.141948
0 0.300604 0.715859 0.062145 0.122859
0 0.238636 0.713901 0.056818 0.141459
0 0.238636 0.908713 0.056818 0.118943
0 0.301136 0.911160 0.056818 0.118943
0 0.371804 0.899902 0.046875 0.131669
0 0.428800 0.908223 0.053622 0.111111
0 0.488814 0.907244 0.053622 0.111111
0 0.550426 0.898434 0.058239 0.134606
0 0.613636 0.895007 0.058239 0.134606
0 0.680220 0.900392 0.054332 0.113069
0 0.739347 0.888155 0.056108 0.135585
0 0.795099 0.897210 0.049716 0.106706
