0 0.110085 0.216361 0.066761 0.158512
0 0.188565 0.216871 0.066761 0.158512
0 0.268111 0.219929 0.066761 0.158512
0 0.343040 0.221967 0.066761 0.158512
0 0.426136 0.224516 0.066761 0.158512
0 0.499290 0.225535 0.066761 0.158512
0 0.575639 0.227574 0.066761 0.158512
0 0.650568 0.226555 0.066761 0.158512
0 0.719460 0.229103 0.066761 0.158512
0 0.793324 0.232161 0.066761 0.158512
0 0.870739 0.234709 0.066761 0.158512
0 0.942827 0.230377 0.066051 0.149847
0 0.927557 0.546126 0.065341 0.143221
0 0.851918 0.540520 0.065341 0.143221
0 0.776989 0.539501 0.065341 0.143221
0 0.698509 0.538481 0.065341 0.143221
0 0.622159 0.537462 0.065341 0.143221
0 0.547585 0.534404 0.065341 0.143221
0 0.399148 0.537462 0.065341 0.143221
0 0.546875 0.533384 0.065341 0.143221
0 0.324219 0.528797 0.065341 0.143221
0 0.248224 0.532365 0.065341 0.143221
0 0.173295 0.532365 0.065341 0.143221
0 0.098366 0.528797 0.065341 0.143221
0 0.112926 0.824414 0.065341 0.143221
0 0.183949 0.831040 0.065341 0.143221
0 0.259588 0.822120 0.071023 0.172273
0 0.333629 0.831295 0.066406 0.145770
0 0.408558 0.835372 0.066406 0.145770
0 0.484908 0.821865 0.064986 0.163609
0 0.559837 0.821865 0.064986 0.163609
0 0.639915 0.838685 0.063210 0.143221
0 0.707031 0.837156 0.052557 0.138124
0 0.776634 0.821101 0.061790 0.168196
0 0.848366 0.829001 0.063210 0.156473
0 0.924006 0.833333 0.064631 0.147808
