0 0.073153 0.321702 0.058239 0.241702
0 0.143466 0.325106 0.058239 0.241702
0 0.208807 0.309787 0.055398 0.282553
0 0.272727 0.314894 0.055398 0.282553
0 0.336293 0.316596 0.050426 0.279149
0 0.415838 0.337021 0.060369 0.245106
0 0.491122 0.333617 0.060369 0.245106
0 0.563565 0.335319 0.060369 0.245106
0 0.632457 0.318298 0.053267 0.285957
0 0.705966 0.329362 0.058239 0.250213
0 0.775568 0.321702 0.065341 0.248511
0 0.862926 0.775319 0.058239 0.250213
0 0.774858 0.320000 0.065341 0.248511
0 0.794034 0.777872 0.066761 0.255319
0 0.721591 0.784681 0.066761 0.255319
0 0.647727 0.784681 0.066761 0.255319
0 0.569957 0.760851 0.061790 0.292766
0 0.495384 0.786383 0.061790 0.248511
0 0.427912 0.771064 0.061790 0.248511
0 0.357955 0.759149 0.061080 0.285957
0 0.291193 0.760851 0.061080 0.285957
0 0.218040 0.755745 0.061080 0.285957
0 0.152344 0.769362 0.061790 0.241702
0 0.084162 0.754043 0.061790 0.241702
