0 0.143288 0.093513 0.052202 0.116004
0 0.204013 0.092803 0.056463 0.119318
0 0.265980 0.096117 0.059659 0.114583
0 0.337003 0.088542 0.059659 0.114583
0 0.399858 0.090909 0.059659 0.114583
0 0.466264 0.089015 0.059659 0.114583
0 0.579545 0.091383 0.059659 0.114583
0 0.647372 0.090436 0.059659 0.114583
0 0.712713 0.090436 0.059659 0.114583
0 0.778764 0.094223 0.059659 0.114583
0 0.844105 0.093277 0.059659 0.114583
0 0.916193 0.093277 0.059659 0.114583
0 0.920455 0.368845 0.059659 0.114583
0 0.855114 0.368845 0.059659 0.114583
0 0.783381 0.368845 0.059659 0.114583
0 0.710227 0.373580 0.059659 0.114583
0 0.639205 0.372633 0.059659 0.114583
0 0.409268 0.370265 0.055043 0.116477
0 0.345703 0.368371 0.055043 0.116477
0 0.264027 0.361742 0.055043 0.116477
0 0.198331 0.360795 0.055043 0.116477
0 0.132280 0.363163 0.055043 0.116477
0 0.148615 0.633286 0.051491 0.107481
0 0.211115 0.633996 0.053622 0.122159
0 0.272550 0.637784 0.053622 0.122159
0 0.337180 0.636837 0.053622 0.122159
0 0.405007 0.629735 0.057173 0.145833
0 0.481001 0.629735 0.057173 0.145833
0 0.541371 0.632102 0.057173 0.145833
0 0.602450 0.636364 0.053622 0.113636
0 0.667791 0.642045 0.053622 0.113636
0 0.732422 0.642045 0.053622 0.113636
0 0.795987 0.640152 0.053622 0.113636
0 0.857244 0.631392 0.059659 0.142519
0 0.922585 0.630445 0.059659 0.142519
0 0.906428 0.894650 0.054332 0.104640
0 0.846058 0.893703 0.054332 0.104640
0 0.781783 0.879498 0.054332 0.104640
0 0.724254 0.886600 0.054332 0.104640
0 0.661399 0.897491 0.054332 0.104640
0 0.596413 0.898911 0.054332 0.104640
0 0.536399 0.894650 0.054332 0.104640
0 0.473011 0.889915 0.058239 0.125473
0 0.413352 0.884233 0.058239 0.125473
0 0.341264 0.891098 0.053977 0.106061
0 0.270774 0.879498 0.057884 0.135890
0 0.212358 0.881392 0.056108 0.106534
0 0.145597 0.882812 0.056108 0.106534
