0 0.064986 0.235795 0.060369 0.129735
0 0.136719 0.237216 0.060369 0.129735
0 0.212003 0.235322 0.060369 0.129735
0 0.300781 0.239583 0.060369 0.129735
0 0.373580 0.238636 0.060369 0.129735
0 0.633168 0.240294 0.061790 0.136837
0 0.709162 0.239347 0.061790 0.136837
0 0.798651 0.238400 0.061790 0.136837
0 0.880682 0.238163 0.067472 0.136364
0 0.954190 0.234848 0.067472 0.136364
0 0.958274 0.531013 0.062855 0.154830
0 0.889737 0.530066 0.062855 0.154830
0 0.820312 0.544034 0.061790 0.133523
0 0.744318 0.541667 0.061790 0.133523
0 0.676136 0.545455 0.061790 0.133523
0 0.601918 0.544508 0.061790 0.133523
0 0.529119 0.528646 0.061790 0.150095
0 0.457209 0.529830 0.062145 0.159091
0 0.371982 0.533144 0.062145 0.159091
0 0.297408 0.544981 0.066406 0.138258
0 0.224254 0.544981 0.066406 0.138258
0 0.153942 0.541667 0.066406 0.138258
0 0.085405 0.542140 0.066406 0.138258
0 0.080433 0.831676 0.065696 0.120739
0 0.154652 0.834044 0.065696 0.120739
0 0.220348 0.824100 0.066406 0.147254
0 0.296875 0.839962 0.063920 0.120265
0 0.384411 0.831203 0.063565 0.152936
0 0.453658 0.834517 0.063565 0.152936
0 0.523615 0.846117 0.064276 0.134470
0 0.597834 0.844223 0.064276 0.134470
0 0.663175 0.841856 0.059304 0.131629
0 0.735440 0.832150 0.061790 0.151042
0 0.803977 0.831203 0.061790 0.151042
0 0.872692 0.841856 0.068537 0.130682
0 0.945490 0.842803 0.068537 0.130682
