0 0.088423 0.099905 0.054688 0.124053
0 0.150213 0.100852 0.054688 0.124053
0 0.213423 0.102273 0.054688 0.124053
0 0.276989 0.101326 0.054688 0.124053
0 0.345526 0.104640 0.054688 0.124053
0 0.413175 0.090436 0.045810 0.132576
0 0.478516 0.091383 0.045810 0.132576
0 0.542081 0.100616 0.054332 0.115057
0 0.604226 0.100616 0.054332 0.115057
0 0.660689 0.103930 0.054332 0.115057
0 0.732422 0.105350 0.054332 0.115057
0 0.796342 0.106771 0.054332 0.115057
0 0.854226 0.107718 0.054332 0.115057
0 0.915305 0.111506 0.054332 0.115057
0 0.914595 0.359138 0.054332 0.115057
0 0.849609 0.357244 0.054332 0.115057
0 0.790305 0.356297 0.054332 0.115057
0 0.731001 0.357718 0.054332 0.115057
0 0.671165 0.350616 0.051847 0.138731
0 0.603516 0.364347 0.055043 0.124527
0 0.534979 0.361032 0.055043 0.124527
0 0.470703 0.361032 0.055043 0.124527
0 0.403942 0.363400 0.055043 0.124527
0 0.343395 0.362689 0.057528 0.125000
0 0.281605 0.364583 0.057528 0.125000
0 0.206676 0.366004 0.057528 0.125000
0 0.147550 0.360795 0.055753 0.126894
0 0.082564 0.358902 0.055753 0.126894
0 0.082919 0.619555 0.055043 0.139678
0 0.143999 0.617188 0.055043 0.139678
0 0.207564 0.617661 0.055043 0.139678
0 0.272195 0.623580 0.053622 0.125000
0 0.336470 0.622159 0.053622 0.125000
0 0.409268 0.621212 0.053622 0.125000
0 0.472834 0.621212 0.053622 0.125000
0 0.536044 0.625000 0.053622 0.125000
0 0.598899 0.621686 0.053622 0.125000
0 0.661754 0.620739 0.053622 0.125000
0 0.732067 0.619792 0.053622 0.125000
0 0.791371 0.619792 0.053622 0.125000
0 0.854936 0.615530 0.053622 0.125000
0 0.911222 0.608191 0.040483 0.138731
0 0.918324 0.864820 0.058239 0.132102
0 0.857955 0.864820 0.058239 0.132102
0 0.791193 0.869555 0.058239 0.132102
0 0.729048 0.874763 0.052557 0.115057
0 0.665661 0.871686 0.054332 0.135417
0 0.600142 0.882812 0.056818 0.117898
0 0.537642 0.881866 0.056818 0.117898
0 0.476562 0.881866 0.056818 0.117898
0 0.407315 0.883286 0.056818 0.117898
0 0.338778 0.880919 0.056818 0.117898
0 0.282848 0.878078 0.048651 0.135890
0 0.209872 0.886600 0.057528 0.118845
0 0.146307 0.880919 0.057528 0.118845
0 0.079545 0.888021 0.057528 0.118845
