0 0.034446 0.201451 0.046165 0.109375
0 0.093395 0.198103 0.046165 0.109375
0 0.146662 0.198103 0.046165 0.109375
0 0.199929 0.196987 0.046165 0.109375
0 0.258878 0.194754 0.051847 0.116071
0 0.319247 0.194754 0.051847 0.116071
0 0.383168 0.190290 0.051847 0.116071
0 0.440696 0.189174 0.051847 0.116071
0 0.502131 0.194754 0.059659 0.125000
0 0.568892 0.194754 0.059659 0.125000
0 0.629972 0.193638 0.059659 0.125000
0 0.690341 0.195871 0.059659 0.125000
0 0.754261 0.194754 0.059659 0.125000
0 0.816051 0.196987 0.059659 0.125000
0 0.882102 0.195871 0.059659 0.125000
0 0.045099 0.526228 0.057528 0.145089
0 0.111861 0.542969 0.050426 0.118304
0 0.167259 0.542969 0.050426 0.118304
0 0.222656 0.544085 0.050426 0.118304
0 0.281250 0.544643 0.051136 0.123884
0 0.341619 0.545759 0.051136 0.123884
0 0.408381 0.546317 0.055398 0.125000
0 0.473722 0.550223 0.056818 0.135045
0 0.534091 0.553571 0.056818 0.135045
0 0.595881 0.554688 0.056818 0.135045
0 0.659091 0.550223 0.056818 0.135045
0 0.721591 0.550223 0.056818 0.135045
0 0.784801 0.553571 0.056818 0.135045
0 0.847656 0.542969 0.050426 0.162946
0 0.917259 0.541853 0.050426 0.162946
0 0.883523 0.898996 0.056818 0.160714
0 0.817472 0.903460 0.056818 0.160714
0 0.752486 0.916295 0.057528 0.135045
0 0.692827 0.912946 0.057528 0.135045
0 0.630327 0.911830 0.057528 0.135045
0 0.567827 0.907366 0.057528 0.135045
0 0.503196 0.911830 0.057528 0.135045
0 0.440696 0.905134 0.057528 0.135045
0 0.378906 0.905134 0.057528 0.135045
0 0.318537 0.899554 0.057528 0.135045
0 0.263139 0.895089 0.057528 0.135045
0 0.202060 0.891741 0.057528 0.135045
0 0.146662 0.887277 0.057528 0.135045
0 0.091264 0.876116 0.057528 0.135045
0 0.022550 0.858817 0.044389 0.142857
