0 0.074751 0.293619 0.066406 0.163509
0 0.153587 0.294616 0.066406 0.163509
0 0.238459 0.293619 0.066406 0.163509
0 0.315874 0.290628 0.066406 0.163509
0 0.398260 0.293619 0.066406 0.163509
0 0.480291 0.289631 0.066406 0.163509
0 0.555220 0.291625 0.066406 0.163509
0 0.637962 0.292124 0.066406 0.163509
0 0.716797 0.289631 0.066406 0.163509
0 0.795455 0.291127 0.071023 0.157527
0 0.878906 0.291625 0.071023 0.157527
0 0.954545 0.290628 0.071023 0.157527
0 0.953835 0.599452 0.069602 0.146062
0 0.879084 0.590229 0.072798 0.166500
0 0.800249 0.582752 0.072798 0.166500
0 0.726207 0.602193 0.062500 0.151545
0 0.653764 0.601196 0.062500 0.151545
0 0.569070 0.590479 0.069247 0.185942
0 0.493430 0.594467 0.069247 0.185942
0 0.407848 0.601196 0.069247 0.149551
0 0.330788 0.600199 0.069247 0.149551
0 0.256037 0.588734 0.073153 0.182453
0 0.180398 0.601446 0.071733 0.150050
0 0.103338 0.602941 0.071733 0.150050
0 0.078658 0.893819 0.067116 0.153539
0 0.159624 0.888335 0.067116 0.153539
0 0.240945 0.907278 0.068537 0.144566
0 0.321200 0.908275 0.068537 0.144566
0 0.401456 0.907278 0.068537 0.144566
0 0.473544 0.904287 0.068537 0.144566
0 0.546697 0.905284 0.068537 0.144566
0 0.624467 0.904287 0.068537 0.144566
0 0.706321 0.890080 0.063210 0.171984
0 0.777344 0.890080 0.063210 0.171984
0 0.859730 0.894068 0.066051 0.151047
0 0.939276 0.898554 0.066051 0.151047
