0 0.097656 0.215609 0.053267 0.174060
0 0.160866 0.220101 0.053267 0.174060
0 0.223011 0.230769 0.056818 0.150477
0 0.292614 0.226277 0.056818 0.150477
0 0.358665 0.225154 0.056818 0.150477
0 0.419034 0.227400 0.056818 0.150477
0 0.482955 0.224031 0.056818 0.150477
0 0.547585 0.225154 0.056818 0.150477
0 0.617188 0.224031 0.056818 0.150477
0 0.688210 0.217855 0.053977 0.169568
0 0.741832 0.225154 0.054688 0.145985
0 0.802912 0.228523 0.054688 0.145985
0 0.861151 0.220663 0.054688 0.145985
0 0.930043 0.225154 0.054688 0.145985
0 0.927202 0.521056 0.044744 0.162830
0 0.870739 0.530039 0.052557 0.140371
0 0.806818 0.531162 0.052557 0.140371
0 0.745028 0.532285 0.052557 0.140371
0 0.677557 0.530039 0.052557 0.140371
0 0.615057 0.534531 0.052557 0.140371
0 0.552557 0.534531 0.052557 0.140371
0 0.489347 0.532285 0.052557 0.140371
0 0.426847 0.534531 0.052557 0.140371
0 0.355114 0.536777 0.052557 0.140371
0 0.290483 0.536777 0.052557 0.140371
0 0.224787 0.528355 0.057528 0.159461
0 0.162287 0.528355 0.057528 0.159461
0 0.097656 0.533970 0.057528 0.159461
0 0.095170 0.855699 0.053977 0.135879
0 0.164773 0.847838 0.053977 0.135879
0 0.229403 0.846715 0.053977 0.135879
0 0.300781 0.840539 0.046165 0.168445
0 0.360085 0.841662 0.059659 0.134756
0 0.422585 0.845031 0.059659 0.134756
0 0.487216 0.839416 0.059659 0.134756
0 0.551136 0.841662 0.059659 0.134756
0 0.613636 0.838293 0.059659 0.134756
0 0.678622 0.831555 0.057528 0.163953
0 0.741477 0.836609 0.056818 0.140371
0 0.805043 0.823695 0.060369 0.150477
0 0.867543 0.820326 0.060369 0.150477
0 0.930753 0.821449 0.060369 0.150477
