0 0.090732 0.428272 0.064986 0.154974
0 0.174006 0.426702 0.066051 0.164398
0 0.252486 0.431937 0.066051 0.164398
0 0.335582 0.433508 0.066051 0.164398
0 0.412820 0.421204 0.064986 0.197382
0 0.490589 0.420157 0.064986 0.197382
0 0.565874 0.440576 0.074929 0.168063
0 0.643643 0.439529 0.074929 0.168063
0 0.723544 0.443717 0.074929 0.168063
0 0.799361 0.441885 0.066761 0.160209
0 0.873935 0.430105 0.067472 0.195288
0 0.948509 0.429058 0.067472 0.195288
0 0.959162 0.778534 0.063920 0.163351
0 0.878551 0.773822 0.063920 0.163351
0 0.803267 0.774869 0.063920 0.163351
0 0.729759 0.778010 0.068892 0.166492
0 0.650568 0.775916 0.068892 0.166492
0 0.573509 0.771204 0.068892 0.166492
0 0.495739 0.772775 0.068892 0.166492
0 0.412997 0.771728 0.068892 0.166492
0 0.332386 0.773822 0.068892 0.166492
0 0.248224 0.770681 0.068892 0.166492
0 0.166903 0.771728 0.068892 0.166492
0 0.082386 0.769634 0.068892 0.166492
