0 0.072088 0.331776 0.061790 0.219626
0 0.145241 0.343458 0.063210 0.221184
0 0.207386 0.333333 0.058239 0.253894
0 0.282670 0.333333 0.058239 0.253894
0 0.352628 0.334891 0.060369 0.263240
0 0.428267 0.351246 0.059659 0.239875
0 0.497869 0.360592 0.059659 0.239875
0 0.568537 0.331776 0.061790 0.272586
0 0.647727 0.352025 0.066761 0.232087
0 0.723722 0.348910 0.066761 0.232087
0 0.799006 0.344237 0.066761 0.232087
0 0.869318 0.340343 0.062500 0.230530
0 0.869318 0.756231 0.062500 0.230530
0 0.793324 0.765576 0.062500 0.230530
0 0.724432 0.750779 0.066761 0.250779
0 0.655540 0.749221 0.065341 0.250779
0 0.585227 0.755452 0.065341 0.250779
0 0.509943 0.757788 0.073864 0.252336
0 0.432528 0.753115 0.073864 0.252336
0 0.363281 0.769470 0.064631 0.225857
0 0.289418 0.758567 0.064631 0.225857
0 0.221236 0.750779 0.064631 0.225857
0 0.152699 0.725078 0.066761 0.249221
0 0.088423 0.721963 0.061790 0.249221
