0 0.164380 0.186316 0.058305 0.083807
0 0.229544 0.184422 0.058305 0.083807
0 0.295688 0.185369 0.058305 0.083807
0 0.359873 0.184422 0.058305 0.083807
0 0.426262 0.180398 0.058795 0.097538
0 0.493386 0.181818 0.058795 0.097538
0 0.555365 0.189394 0.057325 0.085227
0 0.616120 0.192708 0.057325 0.085227
0 0.681284 0.197443 0.057325 0.085227
0 0.743018 0.197443 0.057325 0.085227
0 0.807692 0.188210 0.056345 0.101799
0 0.871877 0.192945 0.056345 0.101799
0 0.872856 0.379261 0.050465 0.086174
0 0.811612 0.377367 0.050465 0.086174
0 0.749878 0.377367 0.050465 0.086174
0 0.688633 0.373106 0.050465 0.086174
0 0.620529 0.371922 0.054385 0.084754
0 0.553405 0.371922 0.054385 0.084754
0 0.487261 0.367661 0.054385 0.084754
0 0.423567 0.365767 0.054385 0.084754
0 0.356443 0.365767 0.054385 0.084754
0 0.294219 0.367188 0.054385 0.084754
0 0.223665 0.366241 0.054385 0.084754
0 0.156541 0.366241 0.054385 0.084754
0 0.147967 0.544981 0.049976 0.073864
0 0.205537 0.547822 0.055365 0.085227
0 0.273150 0.546875 0.055365 0.085227
0 0.337335 0.546875 0.055365 0.085227
0 0.401029 0.552557 0.055365 0.085227
0 0.468643 0.550663 0.055365 0.085227
0 0.528907 0.553030 0.055365 0.085227
0 0.595051 0.551136 0.055365 0.085227
0 0.662665 0.553030 0.055365 0.085227
0 0.723420 0.555398 0.055365 0.085227
0 0.788094 0.560133 0.055365 0.085227
0 0.856688 0.561553 0.055365 0.085227
0 0.856688 0.743845 0.052425 0.057765
0 0.792259 0.726089 0.058795 0.085701
0 0.732974 0.719934 0.058795 0.085701
0 0.672220 0.730587 0.050955 0.079545
0 0.610975 0.728693 0.050955 0.079545
0 0.541156 0.719934 0.056345 0.091383
0 0.479912 0.718987 0.056345 0.091383
0 0.408378 0.724195 0.058305 0.082860
0 0.346644 0.724195 0.058305 0.082860
0 0.283684 0.712595 0.054875 0.094697
0 0.224890 0.720407 0.053895 0.081913
0 0.163645 0.719460 0.053895 0.081913
0 0.140617 0.880682 0.054875 0.090909
0 0.200392 0.883049 0.054875 0.090909
0 0.268496 0.891572 0.056835 0.075758
0 0.328270 0.890625 0.056835 0.075758
0 0.399804 0.891572 0.056835 0.075758
0 0.457129 0.892045 0.056835 0.075758
0 0.521313 0.894413 0.056835 0.075758
0 0.588437 0.895360 0.056835 0.075758
0 0.650171 0.893229 0.054875 0.090436
0 0.714111 0.893229 0.054385 0.085701
0 0.776825 0.897727 0.056345 0.074811
0 0.846399 0.895833 0.056345 0.074811
