0 0.090554 0.228198 0.055398 0.129504
0 0.153409 0.229243 0.055398 0.129504
0 0.216974 0.228198 0.055398 0.129504
0 0.288707 0.225065 0.055398 0.129504
0 0.354581 0.225326 0.060014 0.130026
0 0.420277 0.225326 0.060014 0.130026
0 0.541726 0.227415 0.060014 0.130026
0 0.606357 0.224282 0.060014 0.130026
0 0.674183 0.224282 0.060014 0.130026
0 0.739524 0.221149 0.060014 0.130026
0 0.805930 0.225326 0.060014 0.130026
0 0.882990 0.223238 0.060014 0.130026
0 0.897195 0.533420 0.060014 0.130026
0 0.831854 0.535509 0.060014 0.130026
0 0.761186 0.537076 0.060014 0.130026
0 0.675249 0.542298 0.060014 0.130026
0 0.603516 0.541253 0.060014 0.130026
0 0.361683 0.540209 0.060014 0.130026
0 0.296697 0.540209 0.060014 0.130026
0 0.214311 0.534987 0.060014 0.130026
0 0.140447 0.531854 0.060014 0.130026
0 0.073331 0.538120 0.060014 0.130026
0 0.084339 0.849869 0.060014 0.130026
0 0.156072 0.855614 0.060014 0.130026
0 0.224254 0.855614 0.060014 0.130026
0 0.287820 0.857702 0.060014 0.130026
0 0.362926 0.843081 0.061080 0.162402
0 0.441229 0.842559 0.059304 0.168668
0 0.509766 0.842559 0.059304 0.168668
0 0.575284 0.857180 0.062500 0.143603
0 0.641690 0.854047 0.062500 0.143603
0 0.709872 0.855091 0.062500 0.143603
0 0.775568 0.851958 0.062500 0.143603
0 0.841619 0.837337 0.062500 0.166580
0 0.904474 0.837337 0.062500 0.166580
