0 0.165483 0.163810 0.069602 0.241270
0 0.240767 0.186667 0.071023 0.208254
0 0.313920 0.190476 0.071023 0.208254
0 0.393466 0.172698 0.073864 0.236190
0 0.477983 0.194921 0.075284 0.204444
0 0.566051 0.194921 0.075284 0.204444
0 0.640625 0.203810 0.075284 0.204444
0 0.719105 0.179048 0.068892 0.228571
0 0.802912 0.207619 0.068892 0.196825
0 0.878906 0.213968 0.068892 0.196825
0 0.871094 0.517460 0.068892 0.196825
0 0.795810 0.509841 0.068892 0.196825
0 0.626776 0.507302 0.068892 0.196825
0 0.550071 0.509841 0.068892 0.196825
0 0.474077 0.476825 0.068892 0.250159
0 0.396307 0.486984 0.073864 0.227302
0 0.309659 0.476825 0.073864 0.227302
0 0.231889 0.490794 0.075994 0.201905
0 0.153409 0.485714 0.075284 0.247619
0 0.148438 0.808889 0.076705 0.198095
0 0.232955 0.812698 0.076705 0.198095
0 0.316761 0.796190 0.058239 0.215873
0 0.391335 0.817778 0.071023 0.187937
0 0.465199 0.812698 0.071023 0.187937
0 0.547585 0.801270 0.071023 0.187937
0 0.627486 0.791746 0.070312 0.201905
0 0.709162 0.815873 0.070312 0.201905
0 0.784446 0.796825 0.070312 0.201905
0 0.861151 0.812063 0.070312 0.201905
