0 0.137962 0.153172 0.049361 0.138731
0 0.194425 0.156487 0.049361 0.138731
0 0.252663 0.166667 0.051491 0.121212
0 0.316584 0.165720 0.051491 0.121212
0 0.377663 0.164773 0.051491 0.121212
0 0.434126 0.167140 0.051491 0.121212
0 0.494496 0.166193 0.051491 0.121212
0 0.553089 0.165246 0.051491 0.121212
0 0.613459 0.167614 0.051491 0.121212
0 0.680220 0.153883 0.052202 0.133523
0 0.733842 0.164536 0.052202 0.116951
0 0.791016 0.165009 0.052202 0.116951
0 0.845348 0.165956 0.052202 0.116951
0 0.904297 0.165956 0.052202 0.116951
0 0.902876 0.393939 0.040128 0.126894
0 0.850497 0.397727 0.044034 0.114583
0 0.791903 0.400095 0.044034 0.114583
0 0.736861 0.401515 0.044034 0.114583
0 0.675071 0.403883 0.044034 0.114583
0 0.617188 0.402936 0.044034 0.114583
0 0.557173 0.405303 0.050426 0.117424
0 0.498935 0.401989 0.050426 0.117424
0 0.442116 0.402462 0.050426 0.117424
0 0.375355 0.407670 0.050426 0.117424
0 0.316051 0.410038 0.050426 0.117424
0 0.253729 0.399621 0.052912 0.137311
0 0.195845 0.401989 0.052912 0.137311
0 0.139737 0.402936 0.052912 0.137311
0 0.136541 0.645597 0.050781 0.108428
0 0.200462 0.644650 0.050781 0.108428
0 0.263317 0.647017 0.050781 0.108428
0 0.324219 0.640152 0.046875 0.129735
0 0.376598 0.648911 0.054332 0.115057
0 0.438388 0.643703 0.054332 0.115057
0 0.498047 0.649384 0.054332 0.115057
0 0.556996 0.642756 0.054332 0.115057
0 0.614879 0.638494 0.054332 0.115057
0 0.677379 0.632102 0.050781 0.132576
0 0.731001 0.639678 0.049361 0.111742
0 0.791903 0.630208 0.058239 0.123106
0 0.851207 0.629735 0.058239 0.123106
0 0.895597 0.861742 0.051847 0.126894
0 0.850497 0.628788 0.058239 0.123106
0 0.838778 0.859375 0.051847 0.126894
0 0.787642 0.865057 0.051847 0.126894
0 0.731179 0.876184 0.050426 0.109375
0 0.668146 0.865057 0.052912 0.120265
0 0.612038 0.871686 0.052912 0.120265
0 0.550959 0.872159 0.052912 0.120265
0 0.489169 0.872633 0.052912 0.120265
0 0.434659 0.880682 0.053267 0.107008
0 0.379261 0.879735 0.053267 0.107008
0 0.321023 0.874527 0.053267 0.107008
0 0.259943 0.885417 0.053267 0.107008
0 0.197798 0.875473 0.055398 0.124053
0 0.135298 0.876894 0.055398 0.124053
