0 0.130682 0.461074 0.066761 0.240268
0 0.216619 0.461745 0.072443 0.238926
0 0.291903 0.463758 0.061080 0.242953
0 0.378551 0.464430 0.056818 0.244295
0 0.457031 0.465772 0.075994 0.252349
0 0.537642 0.478523 0.073864 0.210738
0 0.622869 0.483893 0.073864 0.210738
0 0.707386 0.466443 0.076705 0.259060
0 0.785866 0.494631 0.074574 0.210738
0 0.868253 0.477852 0.071733 0.225503
0 0.871094 0.820134 0.071733 0.212081
0 0.783026 0.828188 0.071733 0.212081
0 0.702770 0.802013 0.070312 0.248322
0 0.622514 0.800000 0.060369 0.246980
0 0.547585 0.824161 0.072443 0.187919
0 0.459162 0.804027 0.075994 0.236242
0 0.376776 0.812752 0.075994 0.202685
0 0.225852 0.769799 0.075284 0.213423
0 0.132102 0.795302 0.075284 0.213423
