0 0.057314 0.309136 0.057132 0.150188
0 0.118814 0.306633 0.057132 0.150188
0 0.182132 0.306633 0.057132 0.150188
0 0.245087 0.305382 0.057132 0.150188
0 0.306587 0.307885 0.057132 0.150188
0 0.371725 0.307259 0.060771 0.156446
0 0.440866 0.308511 0.060771 0.156446
0 0.508552 0.306008 0.060771 0.156446
0 0.581332 0.308511 0.060771 0.156446
0 0.648654 0.309762 0.060771 0.156446
0 0.718523 0.308511 0.060771 0.156446
0 0.783297 0.311640 0.060771 0.156446
0 0.854985 0.301940 0.068777 0.188360
0 0.928493 0.301940 0.068777 0.188360
0 0.938865 0.726533 0.064774 0.177722
0 0.871179 0.742804 0.061863 0.147685
0 0.808224 0.741552 0.061863 0.147685
0 0.740539 0.739049 0.061863 0.147685
0 0.673581 0.735920 0.061863 0.147685
0 0.605167 0.733417 0.063319 0.150188
0 0.537664 0.730914 0.061499 0.155194
0 0.472344 0.733417 0.061863 0.147685
0 0.403930 0.730914 0.061863 0.147685
0 0.342067 0.728411 0.061863 0.147685
0 0.279112 0.725907 0.061863 0.147685
0 0.212882 0.723404 0.061863 0.147685
0 0.152111 0.722153 0.061863 0.147685
0 0.032023 0.706508 0.061863 0.147685
0 0.090611 0.713392 0.061863 0.147685
