0 0.182884 0.088542 0.045455 0.101326
0 0.231534 0.083333 0.045455 0.101326
0 0.279830 0.075758 0.045455 0.101326
0 0.337180 0.072443 0.049361 0.107008
0 0.402521 0.074811 0.049361 0.107008
0 0.458984 0.069602 0.049361 0.107008
0 0.515092 0.068655 0.049361 0.107008
0 0.570490 0.068655 0.049361 0.107008
0 0.630149 0.068655 0.051491 0.101326
0 0.686257 0.069602 0.051491 0.101326
0 0.744851 0.070076 0.051491 0.101326
0 0.811967 0.066761 0.051491 0.101326
0 0.805575 0.303504 0.051491 0.101326
0 0.750178 0.301610 0.051491 0.101326
0 0.691939 0.301610 0.051491 0.101326
0 0.629261 0.300900 0.052557 0.103693
0 0.569957 0.300900 0.052557 0.103693
0 0.515092 0.298769 0.052202 0.121212
0 0.455078 0.307055 0.054332 0.107481
0 0.398970 0.307528 0.054332 0.107481
0 0.339666 0.307528 0.054332 0.107481
0 0.281783 0.312500 0.046520 0.104167
0 0.227095 0.306818 0.050781 0.125000
0 0.175249 0.312500 0.050781 0.125000
0 0.164240 0.504735 0.046520 0.121212
0 0.220703 0.503788 0.046520 0.121212
0 0.276101 0.502841 0.046520 0.121212
0 0.331321 0.511127 0.047585 0.100852
0 0.389205 0.508286 0.047585 0.100852
0 0.443892 0.509233 0.047585 0.100852
0 0.500000 0.504025 0.047585 0.100852
0 0.561435 0.505445 0.047585 0.100852
0 0.618608 0.508759 0.047585 0.100852
0 0.678977 0.506866 0.047585 0.100852
0 0.736683 0.504972 0.044389 0.119792
0 0.794922 0.509943 0.048651 0.111742
0 0.794212 0.714962 0.048651 0.111742
0 0.726030 0.716383 0.048651 0.111742
0 0.669922 0.714489 0.048651 0.111742
0 0.610973 0.711411 0.040838 0.125473
0 0.557528 0.721591 0.051136 0.109848
0 0.498224 0.723011 0.051136 0.109848
0 0.438920 0.719697 0.051136 0.109848
0 0.374822 0.709754 0.044389 0.128788
0 0.324396 0.709754 0.044389 0.128788
0 0.273260 0.707860 0.044389 0.128788
0 0.221768 0.712358 0.043679 0.104640
0 0.163175 0.708570 0.043679 0.104640
0 0.166548 0.900805 0.046875 0.106534
0 0.222301 0.907434 0.046875 0.106534
0 0.276101 0.905066 0.047230 0.121686
0 0.334695 0.909801 0.047230 0.121686
0 0.395064 0.905540 0.047230 0.121686
0 0.449574 0.917850 0.045455 0.116951
0 0.503906 0.919271 0.045455 0.116951
0 0.561257 0.910511 0.047230 0.130682
0 0.620739 0.921638 0.056818 0.111269
0 0.683594 0.922585 0.056818 0.111269
0 0.742543 0.919744 0.056818 0.111269
0 0.799361 0.919744 0.056818 0.111269
