0 0.094460 0.289206 0.053977 0.153768
0 0.158026 0.286151 0.053977 0.153768
0 0.218572 0.294297 0.057884 0.141548
0 0.287287 0.292770 0.062500 0.146640
0 0.365589 0.290988 0.066406 0.144094
0 0.432351 0.288951 0.066406 0.144094
0 0.510121 0.282587 0.061435 0.164969
0 0.577237 0.293279 0.067116 0.152749
0 0.648260 0.290733 0.067116 0.152749
0 0.725320 0.288697 0.067116 0.152749
0 0.794922 0.288697 0.067116 0.152749
0 0.863104 0.290733 0.065696 0.138493
0 0.852095 0.556008 0.065696 0.138493
0 0.778587 0.550662 0.054332 0.164460
0 0.710227 0.560081 0.061080 0.139511
0 0.638494 0.559063 0.061080 0.139511
0 0.569957 0.559063 0.061080 0.139511
0 0.491122 0.558045 0.061080 0.139511
0 0.422585 0.557026 0.061080 0.139511
0 0.350142 0.556008 0.061080 0.139511
0 0.284446 0.559572 0.061080 0.139511
0 0.213601 0.548116 0.062855 0.165479
0 0.146484 0.549134 0.062855 0.165479
0 0.076172 0.549134 0.062855 0.165479
0 0.073509 0.819246 0.058949 0.135438
0 0.141690 0.816701 0.058949 0.135438
0 0.208984 0.815173 0.057884 0.169043
0 0.272195 0.818737 0.057884 0.169043
0 0.338601 0.823320 0.057884 0.169043
0 0.413707 0.834012 0.059659 0.147658
0 0.487571 0.834012 0.059659 0.147658
0 0.558949 0.835031 0.059659 0.147658
0 0.627131 0.825611 0.055398 0.166497
0 0.696555 0.835794 0.058594 0.144094
0 0.764560 0.834776 0.064631 0.150204
0 0.851207 0.829175 0.064631 0.150204
