0 0.034446 0.357143 0.060369 0.138358
0 0.106179 0.352643 0.060369 0.138358
0 0.181108 0.349269 0.063920 0.147357
0 0.258523 0.343645 0.063920 0.147357
0 0.343750 0.341395 0.063920 0.147357
0 0.424716 0.334646 0.063920 0.147357
0 0.514915 0.338020 0.063920 0.147357
0 0.592330 0.329021 0.063920 0.147357
0 0.669034 0.332396 0.063920 0.147357
0 0.777699 0.325647 0.063920 0.147357
0 0.852273 0.322272 0.063920 0.147357
0 0.928977 0.318898 0.063920 0.147357
0 0.922230 0.709224 0.066051 0.160855
0 0.849077 0.710349 0.066051 0.160855
0 0.766690 0.712598 0.066051 0.160855
0 0.689986 0.719348 0.066051 0.160855
0 0.613281 0.719348 0.066051 0.160855
0 0.537287 0.719348 0.066051 0.160855
0 0.400923 0.724972 0.066051 0.160855
0 0.330611 0.722722 0.066051 0.160855
0 0.252486 0.722722 0.066051 0.160855
0 0.180043 0.723847 0.066051 0.160855
0 0.113991 0.721597 0.066051 0.160855
0 0.045810 0.723847 0.066051 0.160855
