0 0.082104 0.069602 0.051630 0.107955
0 0.143439 0.075284 0.047748 0.088068
0 0.199728 0.073390 0.047748 0.088068
0 0.254852 0.072443 0.047748 0.088068
0 0.310753 0.071496 0.047748 0.088068
0 0.368983 0.068419 0.055512 0.095170
0 0.436918 0.066525 0.055512 0.095170
0 0.500970 0.065578 0.055512 0.095170
0 0.558036 0.067945 0.055512 0.095170
0 0.620536 0.066998 0.055512 0.095170
0 0.681871 0.066051 0.055512 0.095170
0 0.741654 0.066998 0.055512 0.095170
0 0.809589 0.072443 0.059394 0.095644
0 0.869565 0.063684 0.045807 0.119792
0 0.943711 0.066998 0.045807 0.119792
0 0.902756 0.345170 0.056289 0.116477
0 0.837151 0.341856 0.056289 0.116477
0 0.772710 0.352983 0.057065 0.101799
0 0.714092 0.347775 0.057065 0.101799
0 0.651203 0.345881 0.057065 0.101799
0 0.587927 0.349195 0.057065 0.101799
0 0.526980 0.345881 0.057065 0.101799
0 0.466421 0.344934 0.057065 0.101799
0 0.404309 0.346354 0.057065 0.101799
0 0.346467 0.341146 0.057065 0.101799
0 0.290955 0.341146 0.057065 0.101799
0 0.235054 0.342566 0.057065 0.101799
0 0.176436 0.341619 0.057065 0.101799
0 0.123253 0.339252 0.057065 0.101799
0 0.061918 0.330729 0.057065 0.101799
0 0.089480 0.591856 0.054736 0.092803
0 0.144604 0.596591 0.054736 0.092803
0 0.203222 0.603220 0.054736 0.092803
0 0.256017 0.602273 0.054736 0.092803
0 0.311141 0.606061 0.054736 0.092803
0 0.365489 0.606061 0.054736 0.092803
0 0.429542 0.612689 0.054736 0.092803
0 0.487384 0.614110 0.054736 0.092803
0 0.549107 0.613163 0.054736 0.092803
0 0.607725 0.618845 0.054736 0.092803
0 0.669255 0.626184 0.056677 0.100852
0 0.731755 0.626657 0.056677 0.100852
0 0.793478 0.630919 0.056677 0.100852
0 0.849379 0.629972 0.056677 0.100852
0 0.908773 0.623106 0.050466 0.117424
0 0.872283 0.891572 0.051242 0.089015
0 0.807453 0.888258 0.051242 0.089015
0 0.750776 0.886364 0.051242 0.089015
0 0.691382 0.884470 0.051242 0.089015
0 0.636258 0.878788 0.051242 0.089015
0 0.572205 0.874527 0.051242 0.089015
0 0.515916 0.868608 0.050466 0.106534
0 0.451087 0.861032 0.050466 0.106534
0 0.399651 0.867661 0.050854 0.089489
0 0.342197 0.860085 0.050854 0.089489
0 0.280085 0.849905 0.043866 0.104167
0 0.232725 0.850379 0.051630 0.088068
0 0.179542 0.846117 0.051630 0.088068
0 0.129464 0.839489 0.051630 0.088068
0 0.075893 0.825758 0.050078 0.099432
