0 0.085938 0.114820 0.054688 0.107481
0 0.144531 0.110559 0.054688 0.107481
0 0.204901 0.107718 0.054688 0.107481
0 0.269354 0.106061 0.057884 0.112689
0 0.335405 0.106061 0.057884 0.112689
0 0.398260 0.108428 0.057884 0.112689
0 0.514027 0.097538 0.057884 0.112689
0 0.577947 0.099905 0.057884 0.112689
0 0.640092 0.099905 0.057884 0.112689
0 0.708629 0.095644 0.057884 0.112689
0 0.775746 0.097064 0.057884 0.112689
0 0.837536 0.093750 0.057884 0.112689
0 0.854226 0.367424 0.057884 0.112689
0 0.783203 0.364110 0.057884 0.112689
0 0.722479 0.367424 0.057884 0.112689
0 0.633345 0.372159 0.057884 0.112689
0 0.571555 0.370265 0.057884 0.112689
0 0.348544 0.372159 0.057884 0.112689
0 0.280007 0.374527 0.057884 0.112689
0 0.208274 0.371686 0.057884 0.112689
0 0.145774 0.374053 0.057884 0.112689
0 0.080788 0.373106 0.057884 0.112689
0 0.086648 0.632102 0.053267 0.110795
0 0.145597 0.632102 0.053267 0.110795
0 0.205966 0.635417 0.053267 0.110795
0 0.266335 0.634470 0.053267 0.110795
0 0.343750 0.623816 0.057528 0.137784
0 0.417969 0.629498 0.057528 0.137784
0 0.482067 0.625710 0.058594 0.127367
0 0.543146 0.634470 0.055753 0.105114
0 0.604226 0.633523 0.055753 0.105114
0 0.668146 0.630208 0.055753 0.105114
0 0.732422 0.632576 0.055753 0.105114
0 0.793857 0.639678 0.055753 0.105114
0 0.855646 0.633996 0.055753 0.105114
0 0.853516 0.897727 0.055753 0.105114
0 0.790661 0.895360 0.055753 0.105114
0 0.728161 0.886837 0.057173 0.129735
0 0.668857 0.891098 0.057173 0.129735
0 0.608842 0.890152 0.057173 0.129735
0 0.547763 0.889205 0.057173 0.129735
0 0.480291 0.888258 0.057173 0.129735
0 0.418679 0.899858 0.056108 0.114110
0 0.351918 0.894650 0.056108 0.114110
0 0.275923 0.888968 0.052557 0.103693
0 0.210938 0.882576 0.057528 0.129735
0 0.151456 0.888021 0.051491 0.103693
0 0.088246 0.887074 0.051491 0.103693
