0 0.092862 0.273821 0.052912 0.123281
0 0.152166 0.268418 0.054332 0.130157
0 0.214666 0.261788 0.060724 0.132613
0 0.283558 0.258350 0.060724 0.132613
0 0.364169 0.260806 0.060724 0.132613
0 0.428800 0.258841 0.060724 0.132613
0 0.505504 0.253438 0.060724 0.132613
0 0.570135 0.258841 0.060724 0.132613
0 0.643643 0.260314 0.060724 0.132613
0 0.713956 0.263752 0.060724 0.132613
0 0.787464 0.262770 0.060724 0.132613
0 0.866655 0.267191 0.060724 0.132613
0 0.860263 0.567289 0.060014 0.143418
0 0.791548 0.565570 0.063920 0.141945
0 0.719105 0.564587 0.063920 0.141945
0 0.642756 0.562623 0.063920 0.141945
0 0.573509 0.562132 0.063920 0.141945
0 0.499822 0.551817 0.062855 0.165521
0 0.424716 0.562377 0.063210 0.146365
0 0.357955 0.561395 0.063210 0.146365
0 0.276634 0.564833 0.063210 0.146365
0 0.209517 0.564833 0.063210 0.146365
0 0.140980 0.551817 0.060369 0.161591
0 0.077060 0.557711 0.060369 0.161591
0 0.053267 0.808694 0.060369 0.161591
0 0.125355 0.811149 0.060369 0.161591
0 0.193892 0.815570 0.060369 0.161591
0 0.264737 0.824902 0.064276 0.146857
0 0.336825 0.829322 0.064276 0.146857
0 0.409268 0.826866 0.064276 0.146857
0 0.484553 0.832760 0.064276 0.146857
0 0.554865 0.829322 0.064276 0.146857
0 0.627308 0.828340 0.064276 0.146857
0 0.698686 0.826375 0.064276 0.146857
0 0.779297 0.820972 0.055043 0.164538
0 0.850320 0.830550 0.064276 0.147348
