0 0.048473 0.209044 0.058594 0.119792
0 0.118075 0.205729 0.058594 0.119792
0 0.192649 0.197206 0.058594 0.119792
0 0.272372 0.191525 0.059659 0.123580
0 0.351562 0.191998 0.059659 0.123580
0 0.433594 0.185369 0.059659 0.123580
0 0.523970 0.188447 0.063565 0.129735
0 0.601030 0.183239 0.063565 0.129735
0 0.672763 0.183239 0.063565 0.129735
0 0.780362 0.178030 0.063565 0.129735
0 0.856357 0.174716 0.063565 0.129735
0 0.931641 0.173769 0.063565 0.129735
0 0.920277 0.488636 0.063565 0.129735
0 0.773615 0.492424 0.063565 0.129735
0 0.919567 0.487689 0.063565 0.129735
0 0.693359 0.497159 0.063565 0.129735
0 0.619141 0.494792 0.063565 0.129735
0 0.547408 0.496212 0.063565 0.129735
0 0.413885 0.501894 0.063565 0.129735
0 0.344638 0.505208 0.063565 0.129735
0 0.269709 0.506629 0.063565 0.129735
0 0.197976 0.508996 0.063565 0.129735
0 0.125178 0.508049 0.063565 0.129735
0 0.059482 0.508996 0.063565 0.129735
0 0.052024 0.800189 0.063565 0.129735
0 0.122337 0.803504 0.063565 0.129735
0 0.195135 0.804924 0.063565 0.129735
0 0.279652 0.807292 0.063565 0.129735
0 0.354936 0.808239 0.063565 0.129735
0 0.614879 0.807292 0.063565 0.129735
0 0.689453 0.807765 0.063565 0.129735
0 0.789595 0.802083 0.063565 0.129735
0 0.863104 0.797822 0.063565 0.129735
0 0.940163 0.799242 0.063565 0.129735
