0 0.087180 0.154356 0.055043 0.121212
0 0.145064 0.150095 0.055043 0.121212
0 0.209517 0.143939 0.063210 0.126894
0 0.279119 0.137784 0.063210 0.126894
0 0.356889 0.142045 0.063210 0.126894
0 0.426136 0.140152 0.063210 0.126894
0 0.501420 0.139205 0.063210 0.126894
0 0.568537 0.138258 0.063210 0.126894
0 0.643111 0.140625 0.063210 0.126894
0 0.714134 0.147254 0.063210 0.126894
0 0.787642 0.151042 0.063210 0.126894
0 0.866477 0.159564 0.063210 0.126894
0 0.855824 0.436553 0.063210 0.126894
0 0.787997 0.435606 0.063210 0.126894
0 0.714844 0.432292 0.063210 0.126894
0 0.639915 0.433002 0.066761 0.136837
0 0.569957 0.433002 0.066761 0.136837
0 0.494851 0.426373 0.061435 0.160511
0 0.420632 0.437737 0.066406 0.139678
0 0.350675 0.433475 0.066406 0.139678
0 0.273260 0.436790 0.066406 0.139678
0 0.201705 0.434659 0.059659 0.133523
0 0.138494 0.426373 0.053977 0.151989
0 0.074929 0.429688 0.053977 0.151989
0 0.049716 0.672112 0.056108 0.151989
0 0.123580 0.674479 0.056108 0.151989
0 0.190341 0.675900 0.056108 0.151989
0 0.261719 0.688447 0.061080 0.129735
0 0.329545 0.687500 0.061080 0.129735
0 0.402344 0.693182 0.061080 0.129735
0 0.475142 0.688920 0.061080 0.129735
0 0.551136 0.691288 0.061080 0.129735
0 0.624645 0.690341 0.061080 0.129735
0 0.694957 0.691761 0.061080 0.129735
0 0.770064 0.690341 0.057173 0.163826
0 0.844460 0.696496 0.065341 0.139205
0 0.845348 0.942235 0.067116 0.115530
0 0.762962 0.942235 0.067116 0.115530
0 0.686612 0.942235 0.067116 0.115530
0 0.613281 0.934186 0.051847 0.129735
0 0.546697 0.942708 0.064276 0.114583
0 0.470703 0.942708 0.064276 0.114583
0 0.393999 0.942708 0.064276 0.114583
0 0.313565 0.928030 0.055398 0.130682
0 0.250000 0.925189 0.055398 0.130682
0 0.185014 0.917614 0.055398 0.130682
0 0.116477 0.929924 0.055398 0.130682
0 0.042969 0.929924 0.055398 0.130682
