0 0.110085 0.228109 0.058239 0.165086
0 0.173295 0.229225 0.058239 0.165086
0 0.231534 0.226994 0.058239 0.165086
0 0.297940 0.238706 0.053267 0.148355
0 0.361151 0.239822 0.053267 0.148355
0 0.430753 0.236475 0.057528 0.155047
0 0.493963 0.231456 0.054688 0.140547
0 0.552912 0.233687 0.054688 0.140547
0 0.614702 0.232571 0.054688 0.140547
0 0.679332 0.230340 0.054688 0.140547
0 0.744673 0.235917 0.054688 0.140547
0 0.803622 0.233687 0.054688 0.140547
0 0.861151 0.230340 0.054688 0.140547
0 0.920810 0.225878 0.047585 0.153932
0 0.924006 0.513107 0.053977 0.148355
0 0.863636 0.518126 0.058239 0.151701
0 0.801136 0.521472 0.058239 0.151701
0 0.740767 0.527607 0.056818 0.137200
0 0.683594 0.520915 0.056108 0.157278
0 0.616832 0.531511 0.058949 0.140547
0 0.557884 0.531511 0.058949 0.140547
0 0.494673 0.533742 0.058949 0.140547
0 0.427912 0.535973 0.058949 0.140547
0 0.365412 0.534858 0.058949 0.140547
0 0.309659 0.527607 0.046875 0.163971
0 0.239347 0.534858 0.056818 0.142777
0 0.176847 0.534858 0.056818 0.142777
0 0.112926 0.540435 0.056818 0.142777
0 0.112926 0.820970 0.055398 0.157278
0 0.173295 0.818740 0.055398 0.157278
0 0.240412 0.831567 0.053267 0.129392
0 0.304688 0.823759 0.055398 0.151701
0 0.362926 0.819855 0.055398 0.114891
0 0.421520 0.824875 0.054688 0.131623
0 0.482955 0.820970 0.056818 0.163971
0 0.542614 0.819855 0.056818 0.163971
0 0.603693 0.829336 0.058239 0.142777
0 0.670455 0.813720 0.065341 0.165086
0 0.735440 0.817066 0.054688 0.127161
0 0.793324 0.807027 0.052557 0.156163
0 0.845170 0.803681 0.052557 0.156163
0 0.905540 0.801450 0.052557 0.156163
