0 0.115767 0.242762 0.061080 0.157016
0 0.184659 0.243875 0.061080 0.157016
0 0.250710 0.229399 0.056818 0.188196
0 0.313920 0.233853 0.056818 0.188196
0 0.375710 0.237194 0.056818 0.188196
0 0.450284 0.241091 0.062500 0.160356
0 0.525568 0.239978 0.062500 0.160356
0 0.596591 0.237751 0.062500 0.160356
0 0.663352 0.224944 0.052557 0.181514
0 0.734020 0.235523 0.061790 0.167038
0 0.802912 0.231069 0.061790 0.167038
0 0.887429 0.224388 0.061790 0.167038
0 0.886364 0.516147 0.063920 0.155902
0 0.820312 0.515033 0.063920 0.155902
0 0.747869 0.521715 0.063920 0.155902
0 0.674006 0.522829 0.063920 0.155902
0 0.600852 0.510579 0.065341 0.187082
0 0.533381 0.526726 0.062500 0.157016
0 0.466619 0.522272 0.062500 0.157016
0 0.397017 0.515590 0.053977 0.181514
0 0.327415 0.513363 0.053977 0.181514
0 0.259233 0.514477 0.053977 0.181514
0 0.194602 0.525612 0.061080 0.157016
0 0.127131 0.518931 0.061080 0.157016
0 0.138849 0.783964 0.053267 0.179287
0 0.199929 0.786192 0.053267 0.179287
0 0.268466 0.802895 0.055398 0.157016
0 0.333807 0.804009 0.055398 0.157016
0 0.403409 0.809577 0.055398 0.157016
0 0.470526 0.798441 0.071733 0.172606
0 0.545099 0.799555 0.071733 0.172606
0 0.614347 0.801782 0.061080 0.174833
0 0.683594 0.800668 0.066051 0.185969
0 0.751065 0.799555 0.066051 0.185969
0 0.817116 0.804566 0.064631 0.162584
0 0.886009 0.803452 0.064631 0.162584
