0 0.125710 0.092566 0.066051 0.138731
0 0.201705 0.092566 0.066051 0.138731
0 0.280185 0.089725 0.066051 0.138731
0 0.350497 0.088778 0.066051 0.138731
0 0.425071 0.087831 0.066051 0.138731
0 0.501065 0.086884 0.066051 0.138731
0 0.576349 0.085938 0.066051 0.138731
0 0.652344 0.084991 0.066051 0.138731
0 0.725142 0.080729 0.066051 0.138731
0 0.799006 0.081676 0.066051 0.138731
0 0.877486 0.080729 0.066051 0.138731
0 0.950994 0.081203 0.066051 0.138731
0 0.928622 0.370975 0.061790 0.129261
0 0.853693 0.371922 0.061790 0.129261
0 0.780185 0.370975 0.061790 0.129261
0 0.707031 0.370028 0.061790 0.129261
0 0.630327 0.372396 0.061790 0.129261
0 0.551847 0.370502 0.061790 0.129261
0 0.484375 0.375237 0.061790 0.129261
0 0.409446 0.374290 0.061790 0.129261
0 0.339844 0.373343 0.061790 0.129261
0 0.266690 0.374290 0.061790 0.129261
0 0.188565 0.375237 0.063920 0.139678
0 0.121804 0.375710 0.063920 0.139678
0 0.144176 0.639441 0.065341 0.131155
0 0.216264 0.645123 0.065341 0.131155
0 0.282848 0.626420 0.065696 0.151515
0 0.350497 0.638494 0.062500 0.129261
0 0.422585 0.638968 0.062500 0.129261
0 0.499645 0.631392 0.068182 0.153883
0 0.571023 0.631866 0.068182 0.153883
0 0.642223 0.639678 0.062145 0.131629
0 0.712536 0.638731 0.062145 0.131629
0 0.784801 0.627131 0.064631 0.153883
0 0.854226 0.636837 0.064276 0.139205
0 0.929688 0.638731 0.063210 0.131629
0 0.918679 0.899621 0.062500 0.125000
0 0.841264 0.898674 0.062500 0.125000
0 0.767223 0.892282 0.062855 0.142519
0 0.695490 0.887074 0.062855 0.142519
0 0.626953 0.899621 0.061435 0.126894
0 0.552024 0.904830 0.061435 0.126894
0 0.482067 0.897727 0.061435 0.126894
0 0.415305 0.899621 0.061435 0.126894
0 0.338601 0.903409 0.061435 0.126894
0 0.273260 0.902462 0.061435 0.126894
0 0.199041 0.883759 0.062855 0.149148
0 0.124112 0.881866 0.062855 0.149148
