0 0.112926 0.149033 0.053977 0.138794
0 0.176136 0.144482 0.053977 0.138794
0 0.235795 0.150739 0.058239 0.133106
0 0.307173 0.145051 0.057528 0.144482
0 0.374645 0.145051 0.058949 0.139932
0 0.440696 0.146189 0.058949 0.139932
0 0.557528 0.150171 0.061080 0.143345
0 0.624290 0.147895 0.061080 0.143345
0 0.691051 0.147895 0.061080 0.143345
0 0.757812 0.145620 0.061080 0.143345
0 0.823864 0.149033 0.061080 0.143345
0 0.894886 0.147895 0.062500 0.147895
0 0.907670 0.488623 0.056818 0.139932
0 0.841619 0.488623 0.058239 0.144482
0 0.764915 0.488623 0.058239 0.144482
0 0.686790 0.489761 0.058239 0.144482
0 0.616832 0.490899 0.058949 0.149033
0 0.383168 0.490330 0.057528 0.147895
0 0.316406 0.490330 0.057528 0.147895
0 0.233310 0.480660 0.057528 0.142207
0 0.164418 0.477247 0.057528 0.142207
0 0.099077 0.479522 0.057528 0.142207
0 0.109020 0.819681 0.057528 0.142207
0 0.175781 0.818544 0.053267 0.146758
0 0.241832 0.817406 0.053267 0.146758
0 0.305043 0.826507 0.053267 0.146758
0 0.377486 0.807736 0.060369 0.172924
0 0.452770 0.806598 0.060369 0.172924
0 0.520241 0.810011 0.060369 0.172924
0 0.583452 0.821957 0.057528 0.142207
0 0.651278 0.821388 0.063920 0.138794
0 0.717685 0.820819 0.057528 0.142207
0 0.785156 0.825370 0.057528 0.142207
0 0.848722 0.810011 0.059659 0.175199
0 0.910511 0.810011 0.059659 0.175199
