0 0.090554 0.382708 0.057528 0.174263
0 0.148793 0.378686 0.057528 0.174263
0 0.209162 0.370643 0.057528 0.174263
0 0.277344 0.362601 0.057528 0.174263
0 0.356179 0.365282 0.057528 0.174263
0 0.421520 0.359920 0.057528 0.174263
0 0.493608 0.364611 0.061080 0.180965
0 0.562855 0.369973 0.063210 0.178284
0 0.633878 0.366622 0.057528 0.174263
0 0.704190 0.371984 0.057528 0.174263
0 0.775213 0.374665 0.057528 0.174263
0 0.859730 0.378686 0.064631 0.176944
0 0.847656 0.782172 0.061790 0.184987
0 0.779474 0.780831 0.061790 0.184987
0 0.708452 0.778150 0.061790 0.184987
0 0.632102 0.780161 0.068182 0.191689
0 0.559659 0.778820 0.068182 0.191689
0 0.489347 0.770107 0.065341 0.227882
0 0.416903 0.782172 0.062500 0.190349
0 0.349432 0.776810 0.062500 0.190349
0 0.268466 0.775469 0.062500 0.190349
0 0.203125 0.780831 0.062500 0.190349
0 0.134943 0.765416 0.061080 0.218499
0 0.071733 0.766756 0.061080 0.218499
