0 0.126065 0.161695 0.051847 0.137784
0 0.188210 0.157434 0.051847 0.137784
0 0.248402 0.167850 0.050071 0.123580
0 0.313743 0.159091 0.056463 0.123106
0 0.385298 0.160275 0.060369 0.127367
0 0.450639 0.159328 0.060369 0.127367
0 0.522195 0.152699 0.059304 0.142519
0 0.585760 0.161695 0.057173 0.131155
0 0.655362 0.158381 0.057173 0.131155
0 0.720703 0.158854 0.057173 0.131155
0 0.792081 0.160275 0.062855 0.127367
0 0.854936 0.161695 0.062855 0.127367
0 0.844283 0.394886 0.059304 0.120265
0 0.773970 0.386600 0.051491 0.145360
0 0.705966 0.397727 0.058949 0.123106
0 0.641335 0.395833 0.058949 0.123106
0 0.571378 0.391572 0.058949 0.123106
0 0.503906 0.399148 0.058949 0.123106
0 0.440341 0.392992 0.058949 0.123106
0 0.371094 0.397254 0.058949 0.123106
0 0.308594 0.392992 0.058949 0.123106
0 0.242543 0.388968 0.058949 0.147254
0 0.181818 0.388021 0.058949 0.147254
0 0.110085 0.384706 0.058949 0.147254
0 0.115412 0.621449 0.053267 0.123580
0 0.176847 0.624763 0.053267 0.123580
0 0.240767 0.620265 0.055398 0.151515
0 0.299361 0.623580 0.055398 0.151515
0 0.356357 0.628314 0.048651 0.142045
0 0.429688 0.637784 0.056108 0.127841
0 0.496804 0.635890 0.056108 0.127841
0 0.567827 0.638258 0.056108 0.127841
0 0.630859 0.629261 0.056463 0.144886
0 0.696378 0.641809 0.058949 0.124527
0 0.763139 0.636600 0.058949 0.124527
0 0.839489 0.633286 0.058949 0.124527
0 0.841974 0.868134 0.058949 0.124527
0 0.778409 0.867188 0.058949 0.124527
0 0.710938 0.867188 0.058949 0.124527
0 0.632457 0.869555 0.058949 0.124527
0 0.568892 0.859138 0.057528 0.145360
0 0.504972 0.868608 0.060369 0.124527
0 0.437500 0.865294 0.060369 0.124527
0 0.373224 0.850852 0.061080 0.143939
0 0.311435 0.849905 0.061080 0.143939
0 0.244141 0.848011 0.053622 0.141098
0 0.180753 0.853220 0.053977 0.126894
0 0.122159 0.839015 0.053977 0.126894