0 0.091974 0.229452 0.057528 0.176941
0 0.165128 0.222603 0.057528 0.176941
0 0.227628 0.227169 0.057528 0.176941
0 0.296520 0.235160 0.063210 0.165525
0 0.362571 0.234018 0.063210 0.165525
0 0.432884 0.229452 0.063210 0.165525
0 0.509588 0.229452 0.063210 0.165525
0 0.580611 0.227169 0.063210 0.165525
0 0.649503 0.226027 0.061790 0.160959
0 0.721236 0.229452 0.061790 0.160959
0 0.791903 0.222603 0.055398 0.190639
0 0.865412 0.229452 0.063210 0.167808
0 0.863281 0.535388 0.063210 0.167808
0 0.779474 0.537671 0.063210 0.167808
0 0.710582 0.538813 0.063210 0.167808
0 0.639205 0.531963 0.055398 0.188356
0 0.573509 0.541096 0.063210 0.167808
0 0.501776 0.541096 0.063210 0.167808
0 0.430753 0.541096 0.063210 0.167808
0 0.350497 0.527968 0.051847 0.187215
0 0.288352 0.525114 0.058239 0.192922
0 0.229403 0.528539 0.058239 0.192922
0 0.159801 0.537100 0.065341 0.166667
0 0.094815 0.531393 0.060369 0.162100
0 0.100142 0.809361 0.055398 0.156393
0 0.169034 0.820776 0.055398 0.156393
0 0.231534 0.812785 0.058239 0.181507
0 0.299716 0.819635 0.058239 0.181507
0 0.372159 0.817352 0.058239 0.181507
0 0.437500 0.835046 0.061080 0.168950
0 0.505682 0.844178 0.061080 0.168950
0 0.577770 0.827055 0.063210 0.200913
0 0.653054 0.839041 0.067472 0.167808
0 0.726918 0.832192 0.067472 0.167808
0 0.801491 0.829909 0.067472 0.167808
0 0.865057 0.833333 0.062500 0.158676
