0 0.174361 0.148404 0.069602 0.161702
0 0.253906 0.133511 0.066051 0.164894
0 0.394531 0.149202 0.064631 0.139894
0 0.466974 0.137766 0.066051 0.164894
0 0.546342 0.147074 0.062145 0.144149
0 0.612038 0.136702 0.055753 0.162766
0 0.683416 0.136702 0.060724 0.162766
0 0.752663 0.154521 0.064276 0.142021
0 0.830078 0.148138 0.064276 0.142021
0 0.825994 0.379521 0.059659 0.142021
0 0.757457 0.375266 0.059659 0.142021
0 0.684126 0.364362 0.060014 0.174468
0 0.616122 0.378723 0.062500 0.150000
0 0.551491 0.376596 0.062500 0.150000
0 0.468040 0.380851 0.062500 0.150000
0 0.393466 0.369947 0.063920 0.176064
0 0.325639 0.383245 0.067472 0.149468
0 0.254616 0.385372 0.067472 0.149468
0 0.186080 0.366489 0.065341 0.185106
0 0.177557 0.612234 0.065341 0.185106
0 0.248047 0.616755 0.068537 0.154787
0 0.320312 0.605053 0.068182 0.177128
0 0.402344 0.603989 0.068182 0.177128
0 0.473366 0.594415 0.068182 0.177128
0 0.539595 0.613830 0.064276 0.153191
0 0.607422 0.611702 0.064276 0.153191
0 0.759766 0.610638 0.064276 0.153191
0 0.824396 0.614362 0.064276 0.153191
0 0.821378 0.839096 0.062500 0.145213
0 0.751598 0.824468 0.060014 0.165957
0 0.685547 0.824468 0.060014 0.165957
0 0.613104 0.832447 0.060014 0.165957
0 0.539950 0.840957 0.060014 0.165957
0 0.469638 0.845213 0.060014 0.165957
0 0.399503 0.851064 0.060369 0.147872
0 0.331143 0.843085 0.060014 0.165957
0 0.254261 0.852660 0.061080 0.144681
0 0.177734 0.861170 0.065696 0.154255
